    95.769    2.64678
    61.428    1.78501
    96.516    2.49355
    77.329    2.32937
   113.664    2.91428
    95.168    2.47526
   143.378    2.86871
   128.065    3.20373
    73.050    2.30678
    48.587    1.66955
   101.234    2.50111
   109.300    2.49936
   114.907    2.60118
    73.123    1.86517
    91.833    2.60478
    80.023    2.35320
    62.273    2.20796
    49.837    1.41421
    74.029    2.38281
    96.665    2.55939
   111.712    2.65105
    36.302    1.41421
   124.855    3.20318
    90.830    2.31496
    95.977    2.27689
    78.690    1.81010
   162.879    3.25606
    96.247    2.75933
    62.966    1.85793
    92.671    2.22697
    94.119    2.28105
    90.512    2.35120
   104.201    2.76790
    93.033    2.80867
   103.028    2.78002
   155.595    3.74784
    45.658    2.24982
    89.371    2.26994
   134.783    2.74030
   130.380    2.60202
   117.638    2.68492
    79.512    2.43544
    77.220    2.24412
   108.590    2.56314
    99.047    3.22986
   137.956    2.88587
   117.570    2.81409
   106.721    2.98447
    57.104    1.69761
   102.046    2.29545
    57.341    1.66473
    92.356    2.82504
   102.473    2.45070
   112.480    2.37048
    98.033    2.30671
   140.494    2.70846
    94.791    2.44764
    45.611    1.67083
    97.677    2.43779
    66.053    1.95415
   115.482    2.89356
    79.948    2.49654
   170.335    3.35133
    99.849    2.51824
   122.205    2.95339
   188.099    3.63094
    90.517    2.40065
   139.768    2.81427
   157.404    3.22765
   127.599    2.55716
    94.952    2.55737
    61.117    1.75219
    72.913    2.35891
    53.009    1.68753
   116.792    2.38182
   108.997    2.50331
    68.466    1.93151
   120.028    2.84470
    97.326    2.93016
    79.157    2.38664
    50.943    1.41421
    43.347    1.41421
    87.434    2.39999
   120.171    2.60245
   131.136    3.19029
    40.004    1.41421
   100.195    2.29586
    78.788    1.70613
    62.548    1.77728
   105.001    3.02775
   137.090    2.60957
    91.380    2.51807
   168.767    4.30919
    84.891    2.31840
    76.502    2.34486
   108.040    2.92367
    97.527    2.36266
   109.903    2.90130
    94.883    2.55716
    56.023    1.71054
   121.069    3.10590
   105.745    2.45427
   101.765    2.42679
   117.426    2.79403
    55.525    1.41421
    54.511    1.41421
    87.292    2.20523
   111.365    2.78828
    77.786    2.32435
   122.238    2.80999
   155.121    2.82553
   110.226    2.38406
   146.234    3.13532
   169.993    3.37088
   130.302    3.44355
   153.898    3.27298
   187.070    3.50154
    38.741    1.41421
   216.972    4.30117
    33.142    1.41421
   170.534    3.31404
    60.101    2.30928
    48.905    1.74464
   146.789    3.37966
   112.181    2.76448
   180.750    3.20731
    42.279    1.41421
    50.947    1.78024
   117.207    2.78131
   169.901    3.82706
    38.451    1.41421
    62.793    1.77362
   101.645    2.45397
    93.001    2.40476
    92.184    2.33315
   207.211    3.85923
    83.562    2.47376
   105.254    2.92027
    50.358    1.41421
   119.982    3.69651
   128.883    2.85534
    45.222    1.41421
   103.557    2.57367
    43.863    1.41421
    85.150    2.29642
   117.913    2.51884
    81.153    2.51200
   169.194    3.20156
    51.301    1.74460
   159.417    3.62007
    95.981    2.43717
    54.654    1.41421
   143.054    3.32824
    29.792    1.41421
   132.340    2.96406
    40.873    1.41421
    95.572    2.37764
   122.432    2.78851
    89.309    2.60219
   126.759    3.35328
   112.152    2.51829
    87.777    2.44273
   123.718    2.81704
    99.412    2.56389
   170.290    3.32703
   105.252    2.60852
   110.366    2.81836
    95.970    2.41922
    86.601    2.38750
    59.792    1.52003
    45.123    1.41421
   104.836    2.44234
    47.151    1.41421
   129.930    2.84694
   116.628    2.84063
    85.626    2.42484
    99.165    2.28235
    45.826    1.51900
   110.289    2.49341
   174.129    3.06443
    54.161    1.72786
   104.996    2.32412
   124.967    2.69290
    50.354    1.51486
    97.487    2.52469
    30.208    1.41421
    58.679    1.86236
   104.471    2.20227
    98.341    2.93454
   143.684    2.80090
   110.147    2.38156
   116.503    2.85049
   107.862    2.51197
   110.955    2.57661
    61.797    1.94268
    56.798    1.41421
    52.668    1.41421
    78.468    2.20886
   111.566    2.68099
   113.039    2.58321
    56.293    1.76105
    32.890    1.41421
    91.576    2.31512
   120.526    2.43627
   126.348    2.57421
    46.932    1.41421
    66.126    1.90999
    58.133    1.49070
   108.930    2.30675
    71.153    2.24894
   100.043    2.57836
    97.512    2.26605
    39.423    1.41421
   118.716    2.69330
   147.361    3.32332
    64.772    1.90158
    71.017    2.36052
   102.052    2.71621
   112.920    2.67149
    69.869    2.20506
    56.574    1.68906
   141.130    3.15168
   107.818    2.55268
   112.600    2.83807
   104.483    2.97539
   170.176    3.63941
   124.798    2.78868
   131.654    2.83945
   118.794    2.53618
   120.147    2.62682
    73.261    1.82962
    94.131    2.66914
    97.220    2.89795
    97.686    2.41885
   129.853    2.70355
   120.298    2.50373
   105.497    2.64654
    72.212    1.54055
    85.215    2.67318
    93.598    2.34441
    46.278    1.69068
   219.393    3.77543
   107.499    2.96560
    85.743    2.58573
    97.612    2.42380
    93.820    2.52964
    42.241    1.41421
    95.145    3.04551
    45.830    1.41421
   114.024    2.65505
    34.018    1.41421
    75.447    1.65491
   155.976    3.21321
   101.691    2.37669
    59.887    1.91665
   176.265    3.73148
    42.863    1.80304
   101.050    2.37859
    82.581    2.43984
   124.453    2.82213
   147.665    2.65850
    42.471    1.41421
    81.823    2.38412
    89.161    2.58518
   118.408    3.30101
    43.698    1.76672
    99.624    2.38679
    79.342    1.41421
   131.996    2.85237
    69.284    1.97660
    93.041    2.52872
    42.171    1.41421
    48.084    1.41421
    80.444    2.46311
   130.695    3.10338
   200.242    4.31479
    59.682    1.41421
    43.009    1.41421
   168.347    3.48698
   138.803    2.82530
   121.273    2.87450
   103.737    2.70902
    54.620    1.88685
    80.717    2.39618
   160.900    3.60520
    94.403    2.58649
   104.608    2.57409
   111.182    2.75251
    60.050    2.29979
    62.359    1.98042
    72.844    1.41421
   110.401    2.69542
   165.004    3.19758
    62.015    1.41421
   110.378    2.63877
    95.126    2.54429
    54.324    1.74683
    64.439    1.41421
   116.171    2.45755
   118.188    2.86940
    93.849    2.41106
    84.083    2.38283
   108.874    2.75250
    66.689    1.94501
   108.333    2.55031
    94.971    2.27428
   136.553    2.80342
    64.493    1.79175
    52.507    1.41421
    58.158    1.78813
    76.339    2.33640
    49.947    1.71630
    84.643    2.34826
   111.259    2.52735
    41.820    1.41421
   103.639    2.62163
    96.040    2.65081
   171.313    3.21692
    59.317    1.74990
   106.530    2.47074
   120.686    2.74422
    54.198    1.78858
    68.894    1.73632
    43.349    1.41421
    86.966    2.56833
   102.218    2.70534
    96.686    3.21826
    51.661    1.41421
   162.234    3.03512
    39.044    1.41421
   143.077    2.83398
    38.051    1.41421
    79.977    2.35918
   153.747    3.02958
    98.384    2.54091
   131.954    2.82981
   103.943    2.36091
    87.019    2.28030
    72.041    1.94258
    73.326    1.78171
   124.141    2.56231
    38.850    1.41421
   147.273    3.00328
    51.963    1.56167
   130.051    3.00283
    97.879    2.40273
    37.953    1.41421
    49.470    2.24667
    40.911    1.41421
    88.450    2.35771
   112.439    2.76553
   197.731    3.63417
    43.199    1.41421
    46.262    1.41421
    79.587    2.24842
    88.843    2.32043
    51.674    1.41421
    45.374    1.41421
   267.300    4.67193
   107.278    2.27631
   101.304    2.34806
   106.471    2.83621
   114.489    3.34117
    59.324    1.74776
   115.023    2.80323
    94.205    2.52671
    86.547    2.66535
   124.998    2.71957
   113.143    2.79129
    72.845    2.33227
    83.223    2.51614
    99.863    2.65403
    80.764    2.24642
    93.151    2.30391
   125.748    2.58301
    81.334    2.44785
   117.773    2.63146
    46.302    1.41421
    98.569    2.33480
   132.173    2.82816
   136.946    2.84405
    95.541    2.33512
   143.613    2.81098
    95.239    2.31126
   239.504    3.70851
   124.297    2.94819
    69.305    1.83215
    99.646    2.66056
    84.849    2.37388
    96.029    2.40968
    43.438    1.41421
    88.602    2.68006
    56.272    1.72130
    59.705    1.41421
    44.479    1.41421
   108.261    2.59900
    53.193    1.79270
    50.727    1.41421
    55.848    1.41421
   121.009    2.76976
    44.605    1.41421
    90.093    2.36551
    97.391    2.75843
    78.858    2.21202
   193.343    3.51902
   115.462    2.79425
   151.880    2.87113
   147.531    3.21960
    47.306    1.41421
   121.526    2.96361
    80.771    2.19756
    42.725    1.41421
    97.928    2.46700
   106.883    2.74924
    59.082    1.74316
   112.538    2.70801
   112.797    2.69905
    99.932    2.38198
   110.976    2.55930
   142.726    2.83007
   109.224    2.64744
   106.950    2.84107
    65.686    1.92157
   122.523    2.79596
   184.413    3.93171
   100.777    2.59062
    69.348    1.41421
   116.064    2.49764
    49.434    1.41421
   109.064    2.85790
   133.731    2.66083
   154.296    3.36707
    61.411    1.68918
    88.141    2.40507
   111.817    2.36677
    94.262    2.66581
   139.381    3.04187
    86.757    1.59605
    44.479    1.41421
   124.094    2.83167
    75.568    2.31048
   136.334    3.32444
   108.384    2.72230
   109.665    2.57553
    46.898    1.41421
   100.376    2.68247
    92.269    2.28391
    52.770    1.88939
    74.899    2.23278
   196.595    3.83504
    84.103    2.20617
    95.334    2.31008
    44.842    1.73153
   162.102    3.82490
    55.245    1.41421
   101.473    2.27789
   102.763    2.87107
    86.388    2.47822
    99.397    2.51403
   107.164    2.80113
    34.988    1.41421
    83.264    2.27798
   134.550    3.56047
    30.278    1.41421
    82.327    2.24848
   115.888    2.42132
   120.403    2.69896
   111.136    3.02364
    51.449    1.41421
    86.334    2.36049
   104.748    2.70853
   137.690    2.83738
   105.259    2.63108
    57.172    1.84804
   121.499    2.87319
    56.112    1.41421
    38.913    1.41421
   170.323    3.52851
    58.172    1.74754
   101.377    2.57351
   155.661    2.94560
   133.674    2.85557
    87.508    2.39170
    69.113    2.38864
    44.474    1.41421
    50.440    1.41421
    27.801    1.41421
   101.214    2.61358
    99.586    2.35137
   134.939    2.90138
   132.824    3.42990
    76.686    2.31849
    54.535    1.76445
    61.857    1.71047
    90.556    2.41278
   109.450    2.88945
   126.604    2.44734
   147.743    3.25690
    93.915    2.85511
   282.578    5.73437
    46.464    1.71069
    93.052    2.38233
   100.905    2.30140
   103.688    2.43590
    36.437    1.41421
    45.725    1.41421
    38.712    1.41421
    42.874    1.41421
    93.359    2.30463
   112.268    2.61063
   108.488    2.66692
    51.554    1.41421
   101.240    2.51406
    82.390    2.58209
    54.138    1.41421
   100.623    2.62894
    99.776    2.39699
    78.193    2.37807
   131.445    2.82788
    92.139    2.56309
    64.570    1.79439
    85.932    2.45942
    45.877    1.41421
   161.519    3.25175
    58.753    1.41421
   133.716    3.44202
    55.847    1.94337
   116.648    2.67530
    71.140    1.76230
   133.197    2.66765
    44.308    1.41421
    96.208    2.37388
   135.339    2.98864
   166.362    3.74262
    80.556    2.33634
   117.291    2.75804
   113.723    2.87742
   101.384    2.40230
    51.464    1.41421
   106.911    2.75435
    59.540    1.69109
    92.186    2.53770
    93.236    2.53710
    79.045    2.32507
    92.084    2.51756
    48.411    1.41421
   102.413    2.83188
    74.711    1.41421
    56.187    1.41421
    33.385    1.41421
    89.274    2.59409
    90.045    2.51033
    40.471    1.41421
    76.535    2.18371
    82.523    2.48893
   105.944    2.51447
   170.167    3.33744
    52.372    1.41421
   119.036    2.68553
   189.423    3.93434
    71.603    2.21430
    91.612    2.68000
    48.898    1.41421
   123.854    2.76071
    82.560    2.69926
    67.204    2.40490
    76.976    2.39908
   137.333    3.25301
   103.005    2.82655
    83.779    2.53729
    67.869    1.48208
   106.113    2.81661
   112.223    2.66422
    35.554    1.41421
   115.561    2.79212
   148.853    3.10552
    88.159    2.60529
    88.771    2.34363
    69.494    1.86064
   103.374    2.94622
    94.538    2.78061
    97.647    2.49487
    77.841    2.49331
    66.488    1.89977
   284.298    4.04508
    98.570    2.79309
   152.851    3.09071
    96.038    2.55056
   110.742    2.44075
    86.011    2.43798
    95.275    2.42526
    84.947    2.29323
   119.557    2.71238
    85.982    2.83263
   167.819    2.95781
    97.215    2.42260
    81.774    1.84045
    93.949    2.35932
    84.277    1.73446
    98.948    2.67303
    82.752    2.21528
    58.135    1.41421
   126.195    3.39474
   146.206    2.84865
    51.933    1.71702
   210.114    3.80247
    66.437    1.73410
   121.752    2.72746
   132.255    2.98954
   120.138    2.66511
    97.400    2.64711
    54.378    1.41421
   113.848    2.84372
    89.470    2.58982
    53.863    1.72752
    47.290    1.41421
   101.110    2.35388
    42.371    1.41421
    83.315    2.44298
    98.686    2.42922
    97.257    2.55891
   106.423    2.75960
    57.197    1.41421
    37.051    1.41421
    72.127    1.84988
    82.291    2.46501
    41.218    1.41421
   112.700    2.37941
    38.268    1.41421
   101.716    2.26867
   100.081    2.49139
    44.128    1.41421
   122.461    2.80764
   131.804    2.82789
   140.845    3.20087
    38.751    1.41421
    83.956    2.47970
   104.673    2.60005
    50.845    1.41421
    47.418    1.41421
    88.226    2.49116
    78.582    1.94915
    91.997    2.39530
    89.987    2.67794
    51.155    1.41421
    93.827    2.76568
    92.884    2.36320
    64.341    1.74981
   101.185    2.48550
   103.143    2.43721
    68.017    1.84992
   102.898    2.73017
    40.309    1.41421
   125.599    2.80830
   129.221    2.95857
    94.104    2.54499
   122.263    2.61640
   110.970    2.84853
    49.537    1.41421
   119.643    2.57300
    76.587    2.29214
   129.585    2.78009
   121.551    2.81965
   122.435    2.81479
   106.574    2.41140
   120.741    2.51891
   150.045    3.18692
   147.792    3.03301
    59.881    1.84497
    87.178    2.44209
   155.271    3.41463
   119.545    2.76587
    86.292    2.47734
    83.474    2.52091
    46.668    1.41421
    99.151    2.39566
   102.240    2.80235
    41.874    1.41421
    90.324    2.41415
    77.527    1.90785
    71.820    1.87047
    72.219    1.78479
   118.234    2.37575
    83.692    2.37984
    45.961    1.41421
    55.512    1.41421
   146.448    2.90087
   164.980    3.51121
   123.860    2.71776
   113.495    2.75466
   140.809    3.21119
   133.993    2.86861
    51.646    1.41421
   117.142    2.85818
    36.845    1.41421
    95.184    2.36151
    58.610    1.41421
    56.884    1.78777
    99.374    2.50764
    72.221    1.93194
    50.136    1.41421
   191.209    3.56811
   111.269    2.84650
   110.026    3.03270
   163.521    3.17341
    76.849    1.41421
    84.771    2.68470
   183.928    3.50251
    79.653    2.33535
    96.484    2.43550
   141.391    2.82846
    47.891    1.41421
   121.001    2.55245
   102.162    2.63978
    52.430    1.41421
   130.126    2.57541
    50.207    1.41421
   165.631    3.27187
   133.151    2.52348
   118.115    2.96038
   122.112    3.09155
    77.250    2.36395
   130.821    2.84160
   178.350    3.22796
   127.753    2.73031
   112.590    2.52518
    87.638    2.31070
    94.180    2.56823
    99.110    2.39208
    57.456    1.84750
    78.127    2.36833
    74.665    2.38903
    88.573    2.59512
    51.332    1.41421
    98.106    2.63164
    57.932    1.85618
    45.665    1.41421
    32.577    1.41421
    53.842    1.44196
    88.279    2.29089
    92.714    2.53133
    94.306    2.28450
    62.725    1.78359
   106.343    2.72236
   189.994    3.15953
    60.726    1.71202
    36.003    1.41421
   147.392    3.00334
   151.956    2.82189
    54.172    1.66869
   130.848    3.10307
   117.399    2.77764
   128.544    2.86101
    37.142    1.72959
    48.010    1.76497
   141.739    2.80028
   105.756    2.85241
   120.463    2.79366
    90.880    2.41376
   144.467    2.82780
    53.960    1.41421
   116.138    3.01388
    41.752    1.41421
    88.473    2.30282
    69.162    1.92943
    94.084    2.36617
   154.469    3.16371
    81.001    2.31562
    96.491    2.46068
    88.741    2.30582
   146.093    3.41479
   111.671    2.36616
   125.356    2.45541
    91.819    2.26337
   174.319    3.55995
    86.211    2.54267
    94.102    2.42744
    42.337    1.41421
   182.401    3.64926
   202.476    3.67783
    91.707    1.97853
    78.224    1.41421
   106.005    2.49050
    35.059    1.41421
    38.965    1.41421
    88.444    2.36540
   132.118    2.92544
   113.452    2.57501
   124.220    3.28515
    97.098    2.55604
   148.812    3.09261
    71.154    1.41421
    70.731    2.29305
    44.721    1.41421
   108.277    2.74898
   115.301    2.87716
   130.319    2.40171
   113.918    2.75314
   157.883    3.44194
    84.369    2.48446
   136.663    2.72254
    54.355    1.81340
    48.346    1.68509
    88.126    2.72451
   130.847    3.15060
   111.854    3.21774
    48.029    1.41421
   225.957    3.66910
    95.791    2.48143
   108.111    2.44728
    92.388    2.55353
    43.681    1.41421
    70.142    2.33979
    92.153    2.44836
    96.554    2.60082
    96.956    2.77125
   214.516    4.06123
    76.441    2.38162
    86.834    2.60345
    64.995    1.84412
    56.064    1.74704
    62.607    1.41421
   113.454    3.07568
    86.855    2.29671
    44.135    1.41421
    40.685    1.41421
    86.287    2.40671
   125.124    2.98621
    48.539    1.41421
    92.888    2.95198
    61.929    1.72735
   103.403    2.56046
   105.736    2.56048
    92.685    2.23579
   150.098    3.46505
    60.468    2.25857
    95.747    2.48004
   127.567    3.03777
   106.109    2.56757
    40.463    1.41421
   101.959    2.57671
    98.560    2.62661
    59.761    2.26851
   117.632    2.51917
   125.709    2.91935
   107.743    2.33348
   183.061    3.68608
   157.941    3.30603
   161.013    3.27973
    41.713    1.41421
    93.669    2.38586
   106.206    2.41585
    49.970    1.41421
   123.685    2.84430
    49.749    1.78669
    57.267    1.76379
   132.147    2.48092
   147.140    2.77229
    78.800    1.90971
   106.096    2.63803
    94.029    2.71531
   138.660    3.18660
   119.131    2.39598
    70.413    1.92321
   105.562    2.59139
    36.755    1.41421
    49.816    1.41421
   105.037    2.86869
    72.965    1.74048
    75.696    2.45442
    37.181    1.65062
   117.199    2.81389
    79.941    2.64142
    91.953    2.50436
    68.850    1.99080
   103.373    2.54370
   132.471    2.84681
    75.688    2.35570
    88.539    2.26087
    94.867    2.41296
    53.927    1.68045
    41.684    1.41421
    96.242    2.66815
    84.797    2.43087
   211.605    3.96227
    98.240    2.61782
    65.378    1.93933
    96.986    2.97361
    66.176    1.41421
   113.957    2.88686
    69.888    1.83398
    38.615    1.41421
    98.708    2.47765
   259.495    4.33277
   105.863    2.43061
    90.584    2.36459
   121.549    2.65245
    94.318    2.40713
   152.595    3.35033
    36.814    1.41421
    47.980    1.41421
    50.366    1.41421
   101.195    2.55108
    89.120    2.48540
   108.576    2.88138
    93.758    2.37643
   105.439    2.43669
    89.285    2.74857
   182.958    3.86796
   135.425    2.83289
    74.957    2.30577
    92.415    2.90238
    89.206    2.37909
   107.408    2.46610
   100.763    2.37750
    94.189    2.20531
    54.274    1.65104
   106.980    2.81289
    60.507    1.82892
   128.773    2.70927
    94.323    2.43526
   131.639    3.00988
   131.522    3.45046
    37.027    1.41421
    41.749    1.41421
   117.363    2.53213
   144.029    2.82364
    48.062    1.41421
   123.999    2.84461
    60.561    1.41421
   208.791    4.23645
   184.435    3.40305
   104.547    2.38716
    83.554    1.98386
   151.620    3.06776
    56.559    1.41421
    64.388    1.41421
    56.292    1.73695
   151.867    3.01622
   139.660    3.05208
   128.699    2.71995
   150.887    2.85392
    72.646    2.32262
    54.558    1.91408
    51.215    1.41421
   130.057    2.84487
    99.838    2.67240
    43.756    1.41421
   129.134    2.82863
    50.316    1.41421
    78.915    2.52827
    42.938    1.41421
   106.285    2.90751
    58.608    1.92627
   107.520    2.82874
    67.530    2.36324
    97.194    2.51919
    96.704    2.46159
    46.314    1.57288
   122.670    2.68348
    65.681    1.96802
    89.851    2.56835
   116.124    2.51572
    88.888    2.27902
   127.626    3.34093
   114.628    2.59727
    90.022    2.35991
   100.775    2.86242
   118.221    2.61192
   120.281    2.85979
    34.187    1.74643
   108.120    2.68926
   110.992    2.91238
   196.623    3.62266
    37.888    1.63146
    97.567    2.84564
   121.661    2.82896
   177.228    3.76969
   129.127    2.58812
    46.073    1.41421
    51.851    1.72454
    95.534    2.55025
    70.498    2.26182
    68.963    2.72404
   133.976    2.71805
   187.938    3.88913
    87.788    2.31141
    96.395    2.59805
    79.235    1.82748
    81.134    2.24807
   101.073    2.38943
   179.084    4.24071
   109.178    2.52530
   114.306    2.57448
    42.879    1.41421
    42.911    1.41421
    83.892    2.42058
   121.092    2.95543
    33.477    1.41421
    63.831    1.91249
