   00006 0.007628 28
   00006 0.007826 28
   00006 0.007871 28
   00006 0.007626 28
   00006 0.007873 28
   00006 0.007632 28
   00006 0.007630 28
   00006 0.007915 28
   00006 0.007634 28
   00006 0.007899 28
   00006 0.007866 28
   00006 0.007843 28
   00006 0.007875 28
   00006 0.007634 28
   00006 0.007807 28
   00006 0.007631 28
   00006 0.007629 28
   00006 0.007624 28
   00006 0.007626 28
   00006 0.007629 28
   00006 0.007857 28
   00006 0.007835 28
   00006 0.007854 28
   00006 0.007850 28
   00006 0.007630 28
   00006 0.007238 28
   00006 0.007403 28
   00006 0.007393 28
   00006 0.007242 28
   00006 0.007227 28
   00006 0.007231 28
   00006 0.007229 28
