 2.50000 0.007628
 2.50000 0.007826
 2.50000 0.007871
 2.50000 0.007626
 2.50000 0.007873
 2.50000 0.007632
 2.50000 0.007630
 2.50000 0.007915
 2.50000 0.007634
 2.50000 0.007899
 2.50000 0.007866
 2.50000 0.007843
 2.50000 0.007875
 2.50000 0.007634
 2.50000 0.007807
 2.50000 0.007631
 2.50000 0.007629
 2.50000 0.007624
 2.50000 0.007626
 2.50000 0.007629
 2.50000 0.007857
 2.50000 0.007835
 2.50000 0.007854
 2.50000 0.007850
 2.50000 0.007630
 2.50000 0.007238
 2.50000 0.007403
 2.50000 0.007393
 2.50000 0.007242
 2.50000 0.007227
 2.50000 0.007231
 2.50000 0.007229
