 0.0003 0
 0.0008 5
 0.0013 17
 0.0018 27
 0.0023 41
 0.0027 62
 0.0033 76
 0.0037 91
 0.0043 105
 0.0047 115
 0.0053 143
 0.0057 164
 0.0063 218
 0.0067 88
 0.0073 75
 0.0077 116
 0.0083 148
 0.0088 171
 0.0092 182
 0.0097 191
 0.0103 171
 0.0108 208
 0.0112 307
 0.0118 395
 0.0123 315
 0.0128 283
 0.0132 187
 0.0138 213
 0.0143 166
 0.0148 199
 0.0152 192
 0.0158 201
 0.0163 177
 0.0168 163
 0.0173 138
 0.0178 158
 0.0182 142
 0.0187 136
 0.0192 140
 0.0198 140
 0.0203 122
 0.0208 141
 0.0213 126
 0.0218 128
 0.0222 122
 0.0227 111
 0.0232 121
 0.0238 141
 0.0243 99
 0.0248 138
 0.0253 108
 0.0258 102
 0.0262 91
 0.0267 97
 0.0272 87
 0.0278 67
 0.0283 68
 0.0288 63
 0.0293 57
 0.0298 66
 0.0302 56
 0.0307 59
 0.0312 44
 0.0318 41
 0.0323 47
 0.0328 28
 0.0333 34
 0.0338 25
 0.0343 33
 0.0348 27
 0.0353 12
 0.0358 31
 0.0362 18
 0.0367 9
 0.0372 7
 0.0377 0
 0.0382 0
 0.0387 0
 0.0393 0
 0.0398 0
 0.0403 0
 0.0408 0
 0.0413 0
 0.0418 0
 0.0423 0
 0.0428 0
 0.0433 0
 0.0438 0
 0.0442 0
 0.0447 0
 0.0452 0
 0.0457 0
 0.0462 0
 0.0467 0
 0.0473 0
 0.0478 0
 0.0483 0
 0.0488 0
 0.0493 1
 0.0498 0
 0.0503 2
 0.0508 1
 0.0513 5
 0.0518 2
 0.0522 6
 0.0527 5
 0.0532 1
 0.0537 5
 0.0542 6
 0.0548 4
 0.0553 6
 0.0558 8
 0.0563 5
 0.0568 9
 0.0573 6
 0.0578 10
 0.0583 4
 0.0588 3
 0.0593 5
 0.0598 6
 0.0602 6
 0.0607 6
 0.0612 16
 0.0617 7
 0.0622 9
 0.0628 11
 0.0633 3
 0.0638 7
 0.0643 5
 0.0648 4
 0.0653 11
 0.0658 7
 0.0663 5
 0.0668 12
 0.0673 8
 0.0678 7
 0.0683 9
 0.0688 9
 0.0693 10
 0.0698 9
 0.0703 6
 0.0708 7
 0.0713 6
 0.0718 7
 0.0722 6
 0.0727 9
 0.0732 8
 0.0737 9
 0.0742 11
 0.0747 4
 0.0752 8
 0.0757 10
 0.0762 7
 0.0767 9
 0.0772 11
 0.0777 8
 0.0783 8
 0.0788 9
 0.0793 10
 0.0798 7
 0.0803 12
 0.0808 8
 0.0813 6
 0.0818 6
 0.0823 8
 0.0828 15
 0.0833 8
 0.0838 7
 0.0843 9
 0.0848 11
 0.0853 10
 0.0858 8
 0.0863 9
 0.0868 9
 0.0873 6
 0.0878 7
 0.0882 11
 0.0887 9
 0.0892 6
 0.0897 7
 0.0902 5
 0.0907 8
 0.0912 5
 0.0917 4
 0.0922 3
 0.0927 5
 0.0932 4
 0.0938 0
 0.0943 4
 0.0948 3
 0.0953 3
 0.0958 3
 0.0963 3
 0.0968 3
 0.0973 1
 0.0978 0
 0.0983 1
 0.0988 1
 0.0993 4
 0.0998 2
