 0 9
 1 0
 2 0
 3 0
 4 0
 5 0
 6 0
 7 0
 8 0
 9 0
10 0
11 0
12 0
13 0
14 0
15 0
16 0
17 0
18 0
19 0
20 0
21 0
22 0
23 0
24 0
25 1
26 0
27 0
28 0
29 0
30 1
31 0
32 1
33 3
34 2
35 2
36 3
37 2
38 3
39 9
40 8
41 10
42 11
43 9
44 16
45 11
46 16
47 18
48 27
49 19
50 18
51 40
52 35
53 30
54 46
55 40
56 48
57 51
58 39
59 64
60 56
61 59
62 52
63 83
64 91
65 89
66 103
67 106
68 167
69 211
70 241
71 280
72 385
73 401
74 467
75 382
76 360
77 260
78 224
79 225
80 229
81 217
82 223
83 211
84 239
85 263
86 268
87 269
88 314
89 330
90 385
91 365
92 385
93 353
94 324
95 291
96 265
97 168
98 61
99 6
