 0 0
 1 0
 2 0
 3 0
 4 0
 5 0
 6 0
 7 0
 8 0
 9 0
10 0
11 0
12 0
13 0
14 0
15 0
16 0
17 0
18 0
19 0
20 0
21 0
22 0
23 0
24 0
25 0
26 1
27 0
28 1
29 1
30 0
31 2
32 1
33 2
34 1
35 4
36 3
37 1
38 13
39 13
40 12
41 17
42 14
43 14
44 21
45 24
46 29
47 40
48 47
49 39
50 59
51 66
52 92
53 98
54 116
55 135
56 153
57 177
58 216
59 257
60 254
61 289
62 325
63 372
64 403
65 424
66 450
67 506
68 474
69 501
70 504
71 500
72 508
73 433
74 418
75 354
76 358
77 301
78 235
79 206
80 147
81 114
82 92
83 59
84 46
85 18
86 17
87 15
88 3
89 2
90 2
91 0
92 1
93 0
94 0
95 0
96 0
97 0
98 0
99 0
