-3.23225497e+01
 3.49303176e+01
 8.74460344e+01
-5.93465272e+01
 4.37685854e+01
-8.47369013e+01
-2.59864446e+01
 8.13862735e+01
-4.96455768e+01
 6.88636922e+01
-4.96120574e+01
 5.87574488e+01
-1.01147873e+01
-3.14978575e+01
-4.34251069e+00
 4.36675148e+01
 1.20547673e+01
 2.60424325e+01
-7.23056902e+01
 4.82475610e+01
-1.37795004e+01
-1.67632080e+00
 4.01942289e+01
-8.34793294e+01
 1.61016594e+01
-3.25084010e+01
-4.87700622e+01
 4.35041001e+01
 7.20038177e+01
-9.31936161e+01
 6.29462982e+01
-1.79931690e+01
 3.43483615e+01
 3.53901885e+01
 1.44543311e-01
 3.39807983e+00
-2.02002407e+01
 2.78213909e+01
-4.11124750e+01
-4.14719091e+01
-4.64494801e+00
-3.36198892e+01
-2.43557277e+01
 1.33811772e+01
 3.85454484e+01
 3.88122985e+01
 3.89760850e+01
 6.51797524e+01
-5.01314759e+00
 1.55441162e+01
 1.39469740e+01
-2.60237506e+01
-2.19269400e+01
 8.14057324e+01
 3.05296471e+01
 1.17888760e+01
 3.35151103e+01
-1.01489117e+01
 1.71757983e+01
 2.69945955e+00
 1.44804692e+01
-7.94804425e+01
-3.43565482e+01
-1.15458695e+01
 6.51123007e+01
-3.17293230e+00
-1.15872704e+01
 4.97726751e+01
-9.94201400e+01
-3.95372851e+01
 4.96002503e+01
-3.03999018e+01
 1.54926141e+00
-1.71035404e+01
-7.37782348e+01
-8.17952923e+00
-3.95376053e+01
 2.94544992e+00
 1.11320259e+02
 5.70961679e+00
 5.86351616e+01
 6.38621887e+00
-4.36720655e+01
-6.90781260e+01
 6.49896361e+01
 6.29814360e+00
-1.10641020e+01
 5.45343809e+01
-1.87818768e+01
-3.93074278e+01
 1.05873904e+02
-4.51510688e+01
 5.13520063e+01
 1.02802151e+02
 2.21889819e+00
 4.21711807e+01
 5.35164719e+01
-2.55339354e+01
 4.12422136e+01
 4.15858775e+00
 1.10348998e+02
 1.18940682e+02
 3.66737111e+00
 4.43574964e+01
 6.04755592e+01
 1.60731249e+01
 7.26819860e+01
 5.92568396e+01
 3.75030572e+01
-7.25590708e+01
 5.21207226e+00
-2.32430845e+01
 4.23514798e+01
-3.71811640e+00
-7.60434830e+01
 7.57843142e+01
-1.98328663e+01
 5.84138151e+01
 2.87904653e+01
-1.91763650e+01
 3.99762429e+00
 5.24707947e+01
 1.33334597e+01
-2.78870481e+00
-8.27808888e+01
 4.78916804e+01
