-3.37541936e+01
 4.39488970e+01
 1.11166758e+02
-7.74414155e+01
 5.51529722e+01
 6.23267289e+01
 2.38821048e+01
-8.26667219e+01
 3.59528255e+01
 9.19511791e+01
 8.25841387e+01
 4.60955187e+01
-9.86951347e+00
-5.89013250e+01
-4.75663747e+01
 1.08738010e+02
-5.53001107e+01
 6.49967866e+01
 1.50597613e+02
 9.69313087e+01
 1.03525046e+02
-9.36366114e+01
 1.08363880e+01
-1.43938862e+02
 5.41901857e+01
 3.04773300e+01
 5.70665340e+01
-4.76909991e+00
 1.34289017e+01
-4.30226185e+00
 1.04089494e+01
 2.52769135e+01
-1.27677254e+02
-6.04864750e+01
 7.78211530e+01
-1.43199328e+02
-1.08233856e+02
 1.43127216e+02
 1.13716573e+02
 7.54517822e+01
 9.62865735e+00
 2.09507483e+01
 2.50450862e+01
 7.80560891e+01
 8.20339098e+01
-1.65178109e+02
 3.54751537e+01
-2.93286152e+01
 2.29564018e+00
-6.84593348e+01
-1.60656767e+00
-1.05150870e+02
-4.21978898e+01
-3.48483480e+01
-2.39105230e+00
-1.56666352e+01
-8.30630451e+01
-6.92539945e+01
 4.67326347e+00
-6.98698028e+01
-4.32865729e+01
-8.77320311e+01
 7.27209057e+01
-3.71527539e+01
 4.52774627e+01
 4.73532724e+01
 3.32649108e+01
-6.66124659e+01
 1.86743871e+02
-5.14958249e+01
-3.02992805e+01
-5.21994426e+01
-5.51103011e+01
 8.55469432e+00
 6.29912777e+01
-2.33308660e+01
-1.41611374e+01
 1.56543094e+02
 6.33074139e+01
 6.32453559e+01
-1.30738974e+02
-5.67302369e+00
 2.43739152e+01
 1.78362277e+01
-3.00487248e+01
 1.16509720e+02
-2.43134751e+01
-1.71853496e+01
-8.77526622e+01
 1.06736090e+02
 5.64404897e+01
 1.52422927e+02
 9.10189677e+01
 4.83631506e+01
-5.77844601e+01
 8.05348200e+01
-1.17716305e+02
 1.68814422e+02
 1.09466426e+02
-1.24170500e+02
 2.12704613e+01
 4.74543286e+01
 4.89433205e+01
 2.87866793e+01
-2.18791386e+00
-2.05938887e+01
 1.34049927e+02
 3.68931039e+01
 5.75024083e+01
 6.58556672e+01
-8.10820199e+01
-3.69730662e+01
 3.60361528e+01
 1.90413221e+01
 8.20561289e+01
-1.06140011e+02
 1.03721585e+02
 1.05708528e+02
-3.57546452e+01
-1.25120527e+02
-4.19443731e+01
 4.30590129e+01
 7.51282334e+01
-5.65826423e+01
-2.83997960e+00
-1.12612467e+02
