-3.34468353e+01
 4.09223405e+01
 9.49415350e+01
-6.57281187e+01
 4.59528298e+01
 3.37394468e+01
-3.91174536e+00
-1.76474158e+01
 2.52241665e+00
-2.40986544e+01
 1.62866497e+00
 1.37483194e+01
 1.35982567e+01
-6.02276465e+01
-5.55788511e+00
 4.61055307e+01
 4.31294775e+01
-5.52306775e+01
 7.83038796e+01
-3.91907026e+01
-4.43631375e+01
-6.33578149e+01
-6.76483711e+01
-1.73225026e+01
 1.00591520e+01
 1.01295012e+02
 2.40185230e+01
 5.64065513e+01
-8.86691636e+01
 2.72415270e+01
 1.52692889e+01
 7.14896667e+01
 1.53428056e+01
 1.55785620e+00
 7.21146231e+01
-6.70695415e+00
-1.72541369e+01
 3.26713259e+01
-7.94387114e+01
-6.73825127e+01
 5.32481911e+01
-1.17863536e+02
-8.54885156e+00
-3.97091878e+01
 9.55117148e+01
-7.31415891e+01
 5.09097349e+01
 4.89551388e+01
-7.83295426e+01
 3.85054127e+01
 4.32380482e+01
-2.67216309e+01
 5.83428359e+01
 4.05406519e+01
-3.80926346e+01
-5.28670781e+01
 5.52397286e+01
-3.35857065e+01
-4.82020049e+01
 9.06020200e+01
-7.24934985e+01
-5.28797012e+01
 5.76310019e+01
-5.62317851e+01
 6.85747161e+00
-1.19297567e+02
 8.76057545e+00
-5.96949466e+01
-1.63008528e+01
 1.95854061e+01
-4.23676610e+01
-7.82870068e+01
-3.72632079e+01
-1.23706734e+02
 3.26486747e+01
-3.02922923e+01
 2.55431096e+01
-2.42779549e+01
 8.64890326e+01
 5.92864216e+01
 2.28390178e+02
 1.54855720e+02
-4.61966855e+01
 2.98783149e+01
 6.16596065e+01
 1.47814122e+01
 5.88208777e+01
 6.03008674e+01
 8.90528261e+00
-6.41198044e+01
-1.48252355e+01
-2.62119938e+01
 3.49484445e+00
-4.14074314e+01
-5.67431285e+01
 1.34565263e+01
-2.61112983e+01
 2.32229852e+01
-2.46516119e+01
 2.39870631e+00
-3.78556277e+00
 5.93785480e+01
 8.29849570e+01
-1.97630514e+01
-3.36094654e+01
 6.53391883e+01
 5.52985954e+01
-8.59100208e+01
 4.85285545e+01
 1.67563887e+01
 8.28056352e+00
-6.39517302e+00
-7.00733785e+01
-9.38642260e+00
-1.26278465e+02
-1.07276496e+02
 1.40513796e+01
-1.56838399e+02
 3.70873555e+01
 4.19564738e+01
 1.12713633e+02
 9.46489723e+01
 2.29718231e+01
 1.32329082e+02
-9.18600479e+01
-7.60520471e+01
