-3.49574819e+01
 3.83458891e+01
 8.04210212e+01
-6.02207576e+01
 3.75555066e+01
-7.04087896e+00
-3.43161309e+01
 3.81148620e+01
 8.95028420e+00
-8.42815601e+01
-6.39486047e+00
 3.84478184e+01
-4.87580781e+01
 4.17261645e+01
 7.15925951e+01
 4.28124922e+01
-7.79733814e+01
 5.19033859e+01
-1.73484468e+01
 4.38467172e+01
-9.49938304e+00
 7.04712915e+01
-6.38365504e+00
-1.12890696e+02
 1.47998143e+02
-6.61231565e+00
 3.67537152e+01
-1.73122024e+02
-1.42124597e+02
 1.06045902e+01
-6.88404866e+01
 3.64583143e+01
 7.63865347e+01
 1.36285327e+01
 6.48714467e+01
 7.56619528e+01
 5.11151984e+01
 1.77125989e+02
-1.35635165e+02
-4.11789432e+01
 1.25841734e+02
-6.47362487e+01
 5.52862502e+01
-1.99687972e+02
 1.13740169e+02
 6.01445048e+00
-1.94508011e+01
-1.18594479e+02
-3.89771440e+01
 1.52947893e+02
 6.86119178e+01
-4.66534933e+01
-3.63676113e+00
 7.94845242e+01
-7.41780620e+01
 8.21087987e+01
 1.76278165e+01
-3.89050537e+00
 4.41477518e+00
 6.48209319e+01
 5.34886296e+01
-1.70637096e+01
 8.50651627e+01
-3.91254914e+01
-3.81230427e+01
 1.17086356e+02
-1.65594519e+02
-2.08718832e+01
-1.54594407e+02
-5.15042057e+01
 4.91168982e+01
 1.81367866e+01
 5.29706771e+01
 1.07141750e+02
 3.88748597e+01
 4.38750694e+01
 1.36782132e+01
 5.39411244e+00
-1.18307242e+02
-8.51141069e+01
 1.04302529e+02
-3.55610982e+01
-8.67610539e+01
 5.81266509e+01
 7.60934611e+01
 1.96299573e+01
 1.38751412e+02
 4.84338809e+01
-7.50669084e+00
 7.03277644e+01
 4.06684228e+01
 4.31843677e+01
 3.66177925e+00
 8.32687970e+01
 1.50728266e+01
 1.81216144e+01
-2.39148032e+01
-6.12147434e+01
-7.28105067e+01
 2.38414483e+01
-2.46356252e+01
-1.15008137e+02
-3.27831203e+01
-1.07062007e+01
-2.76668741e+01
-1.24403564e+02
 4.78615166e+01
-1.22483180e+02
 5.46075088e+01
-4.66068522e+00
 2.28480701e+01
-1.92307131e+00
 1.69665078e+01
 2.50598131e+02
-7.91784481e+01
 7.45825105e+00
-4.54315695e+01
-1.46419609e+01
-1.48596588e+01
 9.50277849e+01
 9.19639410e+00
 1.34840139e+01
 1.19743219e+02
-1.40584495e+02
-1.08121296e+02
-7.59133169e+01
