-3.40395104e+01
 3.77241274e+01
 9.15471240e+01
-6.21462677e+01
 4.42179713e+01
-5.29592984e+00
-1.07198839e+01
 4.31537350e+01
-1.34408449e+01
-8.00817557e+00
 1.28280842e+00
 1.49805920e+01
 9.60071323e+00
-7.96263832e+00
 2.71988088e+01
 2.44689943e+01
-2.11344091e+01
-3.05284501e+01
-7.27571096e+01
 5.89413147e+01
 3.04595888e+01
 1.95206122e+01
 6.95061299e+01
 1.12211547e+01
-3.62801912e+00
-1.04788940e+01
-8.20257137e+00
-1.41072784e+01
-5.39237595e+01
-5.86479766e+01
-1.30276112e+02
 5.62277753e+01
-4.83694174e+00
-1.43732265e+01
-1.32020375e+00
-2.44440742e+01
 4.26277251e+01
 4.13416189e+00
 2.95768606e+01
-4.97807442e+01
 8.21321564e+00
 3.58573100e+01
 3.98808035e+01
 6.20517793e+01
-1.34254539e+02
-1.15935427e+01
-9.52048576e+01
-1.48585282e+01
 1.40679609e+01
-1.69791278e+01
-4.96365332e+01
 3.02142719e+00
 6.28193064e+01
 1.47794879e+01
-3.21804366e+01
-2.47663616e+01
 4.64662548e+01
-5.26655959e+01
-3.39145122e+01
 3.15452516e+01
-3.86766232e+01
 3.38545887e+01
 6.46432718e+01
 2.18582244e-01
 6.84306703e+00
-4.09263179e+01
 5.58214094e+01
-1.76728774e+01
-3.05304880e+01
-2.08706661e+01
-5.54764401e+01
-8.22502580e+00
 6.17671441e+01
-1.23863040e+02
-3.81709601e+01
 1.00963073e+02
 2.39856727e+01
-8.06852497e+00
-2.10848650e+01
 2.87814342e+01
 1.45127564e+01
-2.13866221e+00
 2.16485124e+01
 1.21600131e+01
 2.14054803e+01
 7.44852212e+01
-1.17060562e+01
 9.19739017e+01
 7.23783494e+00
 1.11369260e+02
 7.82067330e+01
-4.39052394e+01
-1.00545356e+02
 1.75906120e+01
 4.54641033e+01
-6.39123705e+01
 7.87968370e+00
-3.43606620e+01
-2.55931416e+01
 5.80136572e+01
-3.44705075e+01
-1.30831793e+01
 8.89143071e+00
 3.17132616e+00
 5.47802303e+01
-4.10585065e+01
 3.09579500e+01
-5.46278932e+01
-1.67141973e+01
 2.54444701e+01
 2.99797044e+01
 6.06333300e+01
-2.90153766e+01
-5.42302074e+01
-8.14277119e+00
-1.93227063e+01
 3.69839570e+01
-6.04567096e+01
 5.23707836e+01
 1.12483185e+01
 5.70196249e+01
-5.27519968e+00
 2.50919964e+01
-2.12817417e+00
 2.76708282e+01
 7.38805245e+01
