-3.18961317e+01
 2.86244085e+01
 8.78503666e+01
-5.86058306e+01
 4.12745522e+01
-7.11543058e+01
-5.96779228e+01
 2.01111587e+01
-2.67147472e+01
 5.56890324e+01
-6.27351911e+01
 1.17592220e+01
-5.32196894e+01
-1.16728374e+01
-2.70763733e+00
 7.25150951e+01
 2.53121314e+01
 1.44832628e+02
 4.18390523e+01
-1.16295743e+02
 3.69763841e-01
-2.57838596e+01
 3.43036267e+01
-1.06258211e+02
 1.14625155e+01
 1.67235812e+01
-5.89842830e+01
 7.45552003e+01
 6.36681201e+01
-8.04673126e+00
-7.98586937e+00
-1.24120326e+02
 8.68523062e+01
 9.28177141e+00
 2.40589875e+01
 4.57141743e+01
 8.65781420e+01
 1.63178208e+01
 6.29861748e+01
-5.28100470e+01
-6.22389070e+00
 2.32168265e+01
 7.00164152e+01
-3.72349419e+01
-5.80792324e+01
-2.15205360e+01
 5.59588818e+01
-2.39402652e+01
-6.57279800e+01
-1.61181215e+01
-4.95971356e+01
-2.81465389e+01
 4.78711780e+01
-7.03975110e+01
 2.68967135e+01
-5.86587409e+00
 7.80141710e+00
 7.13198108e+01
 1.40989537e+00
-6.95010448e+01
-4.71059024e+01
 9.97131772e+00
-7.76754530e+01
-1.58344718e+01
-1.81500417e+00
 3.87986236e+01
 8.73149381e+01
-1.85668869e+01
 2.99986988e+01
-5.82726636e+01
 5.77716275e+01
-8.12299310e+01
 1.31816476e+01
 5.76870127e+01
 6.53254613e+00
-7.67107135e+01
-6.56171933e+01
 7.74831953e-01
 6.05222300e+00
-3.37614965e+01
 2.34711979e+01
-8.63621550e+00
-2.05604256e+01
 3.34904323e+01
-3.15989552e+01
-3.22241161e+01
-4.30567190e+01
-1.67364621e+01
 1.88120692e+01
-1.18061763e+02
 3.16735841e+01
-6.71122993e+01
 7.34265430e+01
 3.20726311e+01
-3.65551724e+01
-2.57236634e+01
-2.66670422e+01
 2.42168631e+01
 4.68206377e+01
-1.22745732e+01
 2.92411897e-01
 2.42059125e+00
-2.27216775e+01
 1.73286797e+01
-7.56122635e+01
-7.55162512e+01
-3.66169593e+01
-4.76648229e+01
 9.82914035e+01
 2.28864199e+01
-4.63800517e+01
 3.22098735e+00
-9.17317766e+01
 2.80970591e+00
-1.30787689e+01
 3.37946958e+01
-1.21895120e+01
-7.17144218e-01
-5.81644793e+01
-8.27861513e+01
-6.04185891e+01
-2.58878284e+01
-2.79847795e+01
 5.85376306e+01
-1.02461267e+01
-2.80326733e+01
