-3.42550562e+01
 5.28492683e+01
 1.21569917e+02
-7.51714555e+01
 4.95001158e+01
 1.17879392e+02
 6.69055965e+01
-1.08930549e+02
 3.93891174e+01
 1.37582444e+02
 4.41422002e+01
 4.08399545e+01
-2.53942613e+01
-8.57006740e+01
 1.47304711e+00
-3.59239819e+01
-5.21573228e+00
 1.77449528e+02
 1.63547003e+02
-4.55211963e+01
-4.61176372e+01
-3.76680590e+01
 1.67494530e+02
-7.14237860e+00
 1.16413739e+02
-2.36348910e+01
 3.40154298e+01
 9.95629652e+01
-7.14313154e+01
 3.94849235e+01
-1.69247063e+01
-1.31807880e+00
-3.00438459e+01
 4.35198751e+00
 1.13948695e+01
-1.38427959e+02
 2.05161965e+01
 1.25677172e+01
 4.78129984e+01
-8.36986301e+01
 2.72790491e+01
-9.19863315e+01
 2.60037052e+02
-3.04223414e+01
 5.14372614e+01
 8.87698488e+00
-5.54872540e+01
-4.70433892e+01
 4.96321583e+01
 1.17334253e+02
 2.25882182e+01
 1.39529060e+02
-9.80022464e+01
 3.29582680e+01
-5.95113679e+01
 4.77166096e+01
 5.20347102e+01
 5.57368535e+01
 4.75222616e+01
-3.27694937e+01
-1.11363421e+02
-1.00607480e+01
-9.56366869e+00
 2.05494536e+01
-2.15033653e+01
-4.22360283e+01
-1.92879490e+01
-2.97076755e+01
 2.96804257e+01
 7.97995297e-01
 8.61568726e+01
 1.32944769e+01
-4.26496475e+01
-9.69953685e+01
 1.43964642e+02
 1.93494117e+01
-6.43187184e+00
-1.25841466e+02
 7.62430561e+01
 6.35892495e+01
 1.08843083e+01
-2.56394051e+00
-4.41101727e+01
-1.55003121e+02
 4.84456584e+01
-1.13765669e+02
-3.73573635e+01
 1.36841861e+02
-5.97878516e+01
-4.93682993e+01
 4.48222769e+01
-2.71663343e+01
-2.89360019e+01
 4.45152716e+01
 1.34718768e+01
-3.54176939e+01
-4.63867508e+01
 9.00368860e+01
-1.18612749e+02
 2.64830082e+01
 1.02478378e+00
 5.01450982e+01
 1.24361934e+01
 7.69881448e+01
-7.69775701e+01
-1.42368966e+02
-4.78363369e+01
 4.91789602e+01
-1.07816302e+01
-9.01578353e+01
 8.59760680e+00
-2.02032723e+01
-2.58229005e+01
-6.84004579e+01
 1.13060785e+01
-1.52222459e+01
 4.14372704e+01
 4.03331068e+01
 1.48634594e+01
 3.08858219e+01
-6.48382489e+01
 8.51157304e+01
 9.77088146e+01
-8.18015188e+01
-8.85008027e+01
-9.06663181e+01
