-3.43322505e+01
 3.76192504e+01
 7.89570739e+01
-5.50842721e+01
 3.43199111e+01
-1.01550872e+01
-5.50631360e+01
 2.55903906e+01
 2.52307193e+01
-9.44951453e+01
-3.60983065e+01
-1.06065010e+00
-6.65607616e+01
 1.31374985e+01
 8.58013315e+01
-7.95651863e+01
-7.02696838e+01
-2.03166807e+01
 4.11706495e+01
-2.65213852e+01
 2.80409566e+01
 7.40757867e+01
-1.08798551e+02
-1.44940447e+02
-1.63810066e+01
-2.26833695e+01
-1.17143104e+01
-1.83035620e+02
-8.60850401e+01
 4.80721294e+01
-7.56061873e+01
-8.27507875e+01
-2.44251028e+01
-2.18680718e+01
-4.66555285e+00
-2.58114570e+00
-3.73482077e+01
-1.38456371e+02
-7.63890290e+01
-2.82973484e+00
 1.57716842e+01
-6.41289245e+01
-3.93273322e+01
 7.93823344e+01
-7.92255438e+01
-3.80407494e+01
 3.34468098e+01
 1.89584838e+01
-7.77617237e+00
-1.79564307e+01
 3.76379542e+01
 1.08955255e+02
-5.14891702e+01
 6.89364100e+01
 8.86491139e+01
-1.84339356e+01
 7.84925398e+01
 1.70877844e+01
 9.07329457e+01
-4.30918855e+01
 3.57825781e+01
 3.09444212e+01
 1.00237301e+01
-8.33092318e+01
-1.21109491e+02
 7.50056935e+01
-1.22139060e+02
 1.30554584e+01
 8.42755055e+01
-3.23930412e+00
-5.49227008e+00
-4.37168305e+01
 5.56633875e+01
 7.85141243e+01
-3.09271689e+01
-9.57619834e+01
-8.21313365e+01
 1.39095586e+02
-1.15252195e+01
 2.03408502e+01
-1.23276440e+01
-6.00420398e+01
 6.17543194e+01
 1.53168184e+01
 1.05069784e+02
 6.77034098e+01
-4.26765056e+01
 3.60538870e+01
-1.03928801e+02
-6.57500262e+01
-1.30903692e+02
-4.96660352e+01
-7.28030487e+00
 7.40032603e+01
 1.78445071e+00
-7.15632384e+01
 6.44232353e+01
-1.37563064e+02
 2.96587019e+01
-4.04836778e+01
 2.71339631e+01
-1.22884400e+01
-1.81627358e+00
-4.02909911e+01
-1.16863526e+01
 7.23718606e+01
-5.83912403e+01
-4.39576051e+01
-1.30018491e+02
 6.55550468e+01
 6.12248154e+01
 6.58095306e+01
 1.66633383e+02
 1.21763179e+02
 8.27170917e+01
-3.28387675e+01
-6.67515839e+01
-4.05428190e+01
 1.57738477e+02
 2.29925109e+01
-1.36613686e+02
 1.26034493e+02
 1.23420083e+02
-6.12515949e+01
-1.30171381e+02
 1.86599532e+01
