  0 0
  1 0
  2 0
  3 0
  4 0
  5 0
  6 0
  7 0
  8 0
  9 0
 10 1
 11 0
 12 0
 13 0
 14 0
 15 0
 16 1
 17 0
 18 0
 19 1
 20 0
 21 0
 22 0
 23 0
 24 0
 25 1
 26 1
 27 0
 28 2
 29 0
 30 1
 31 0
 32 5
 33 6
 34 0
 35 7
 36 0
 37 5
 38 0
 39 10
 40 0
 41 6
 42 21
 43 0
 44 11
 45 0
 46 16
 47 0
 48 18
 49 0
 50 22
 51 18
 52 0
 53 33
 54 0
 55 30
 56 0
 57 39
 58 39
 59 0
 60 36
 61 0
 62 40
 63 0
 64 41
 65 0
 66 46
 67 45
 68 0
 69 49
 70 0
 71 28
 72 0
 73 39
 74 0
 75 36
 76 27
 77 0
 78 36
 79 0
 80 33
 81 0
 82 32
 83 31
 84 0
 85 26
 86 0
 87 29
 88 0
 89 29
 90 0
 91 34
 92 21
 93 0
 94 21
 95 0
 96 17
 97 0
 98 7
 99 0
