   190.28200000      0.14892000      0.66495800      0.42680700      1.16036000     21.74240000 
   259.71800000      0.14892000      0.66495800      0.42680700      1.16036000     21.74240000 
   225.00000000      0.25716100      0.66495800      0.42680700      1.16036000     21.74240000 
   225.00000000      0.18500000      1.00513000      0.42680700      1.16036000     21.74240000 
   225.00000000      0.18500000      0.75000000      0.79277000      1.16036000     21.74240000 
   225.00000000      0.18500000      0.75000000      0.50000000      1.69821000     21.74240000 
   225.00000000      0.18500000      0.75000000      0.50000000      1.25000000     27.04570000 
   225.00000000      0.05675000      0.44771200      0.23983200      0.93136000     19.80700000 
   153.75000000      0.25904500      0.40094800      0.19958400      0.88206700     19.39040000 
   296.25000000      0.25904500      0.40094800      0.19958400      0.88206700     19.39040000 
   153.75000000      0.11095500      1.09905000      0.19958400      0.88206700     19.39040000 
   296.25000000      0.11095500      1.09905000      0.19958400      0.88206700     19.39040000 
   225.00000000      0.31325000      1.05229000      0.23983200      0.93136000     19.80700000 
   153.75000000      0.11095500      0.57547400      0.95062500      0.88206700     19.39040000 
   296.25000000      0.11095500      0.57547400      0.95062500      0.88206700     19.39040000 
   225.00000000      0.31325000      0.59885600      0.89025200      0.93136000     19.80700000 
   225.00000000      0.18500000      1.17750000      0.86793300      0.94958400     19.96100000 
   156.01200000      0.11330600      0.58101600      0.35456200      1.96250000     19.48910000 
   293.98800000      0.11330600      0.58101600      0.35456200      1.96250000     19.48910000 
   225.00000000      0.31325000      0.59885600      0.36991600      1.88728000     19.80700000 
   225.00000000      0.18500000      1.17750000      0.37735600      1.85083000     19.96100000 
   225.00000000      0.18500000      0.75000000      0.97500000      1.83175000     20.04160000 
   159.69800000      0.11713600      0.59004400      0.36233200      1.08139000     29.62500000 
   290.30200000      0.11713600      0.59004400      0.36233200      1.08139000     29.62500000 
   225.00000000      0.31325000      0.59885600      0.36991600      1.09068000     29.23250000 
   225.00000000      0.18500000      1.17750000      0.37735600      1.09979000     28.84750000 
   225.00000000      0.18500000      0.75000000      0.97500000      1.10456000     28.64590000 
   225.00000000      0.18500000      0.75000000      0.50000000      1.96250000     28.52170000 
