   399.91906595    675.81852455   1089.50821845      4.91594769      0.36912559      0.19801495 
   468.60800251    759.62285357   1106.65362865      5.01252894      0.47053112      0.32103539 
   472.11733311    783.65486249   1128.98478725      4.94591775      0.34126764      0.25796028 
   454.08266331    732.45001952   1288.19255479      6.07952848      0.48924287      0.25548074 
   447.52379001    729.03232221    889.65767595      6.63841870      0.32326511      0.25472607 
   454.34542056    686.80658541   1068.71169896      5.44862031      0.45890432      0.31067070 
   450.03162438    730.56814972   1120.25494075      5.61269864      0.31228255     -0.03462570 
   395.43723855    678.89400450   1138.44366084      4.03055509      0.32731145      0.38170972 
   418.74111616    777.00373252   1078.11428827      3.32581372      0.39787411      0.43131973 
   462.50931068    952.42361540   1318.60937352      4.04490740      0.46367377      0.68435788 
   353.96366356    658.49008035   1314.74094264      5.59440795      0.53403973      0.29373925 
   532.00418044    858.68477466   1416.77419537      4.91269969      0.67611131      0.92639076 
   499.80656180    885.88813473   1577.80374878      5.29579069      0.40155415      0.28171921 
   299.22710007    607.57033618    705.17377910      5.98916166      0.19688294      0.28077741 
   480.98914187    837.18955870    559.43473299      6.99886260      0.31133840      0.53199257 
   514.24304805    861.05964158    774.77349272      7.13794700      0.20464383      0.50313078 
   447.54435777    727.26762486   1052.83539332      8.91930320      0.39258675      0.57829500 
   334.73715956    599.05709706    985.15138863      4.37517182      0.40518283      0.53792418 
   533.24586241    682.39481098   1130.45037227      4.65902758      0.66607924      1.01173830 
   500.72868000    696.02537611    994.66734344      3.79476751      0.32342982      0.46885969 
   453.92960941    681.76446685   1337.85385113      6.60405657      0.68999571      0.38984786 
   444.49283341    685.91205386    745.16442483      6.94435465      0.33742543      0.58426585 
   377.57036291    651.82643985   1162.93876862      4.67584535      0.15391000     -0.11025468 
   477.71728610    799.75396515   1084.28784107      4.50210193      0.48341392     -0.12297333 
   473.75593395    844.99298380   1162.81363664      4.72147907      0.03540213     -0.04747311 
   441.21434631    713.98280814   1537.20310229      6.70527961      0.37530665     -0.06037897 
   468.83818973    742.85668982    775.01423397      7.25075283      0.19674674     -0.12044006 
   452.68926571    713.84260362   1074.73532618      6.15333786      0.32353550     -0.02207724 
