    20.00000000     30.00000000     40.00000000      0.50000000      0.20000000      0.10000000 
    20.00000000     30.00000000     40.00000000      0.50000000      0.20000000      0.10000000 
    20.00000000     30.00000000     40.00000000      0.50000000      0.20000000      0.10000000 
    20.00000000     30.00000000     40.00000000      0.50000000      0.20000000      0.10000000 
    20.00000000     30.00000000     40.00000000      0.50000000      0.20000000      0.10000000 
    20.00000000     30.00000000     40.00000000      0.50000000      0.20000000      0.10000000 
    20.00000000     30.00000000     40.00000000      0.50000000      0.20000000      0.10000000 
    20.00000000     30.00000000     40.00000000      0.50000000      0.20000000      0.10000000 
    20.00000000     30.00000000     40.00000000      0.50000000      0.20000000      0.10000000 
    20.00000000     30.00000000     40.00000000      0.50000000      0.20000000      0.10000000 
    20.00000000     30.00000000     40.00000000      0.50000000      0.20000000      0.10000000 
    20.00000000     30.00000000     40.00000000      0.50000000      0.20000000      0.10000000 
    20.00000000     30.00000000     40.00000000      0.50000000      0.20000000      0.10000000 
    20.00000000     30.00000000     40.00000000      0.50000000      0.20000000      0.10000000 
    20.00000000     30.00000000     40.00000000      0.50000000      0.20000000      0.10000000 
    20.00000000     30.00000000     40.00000000      0.50000000      0.20000000      0.10000000 
    20.00000000     30.00000000     40.00000000      0.50000000      0.20000000      0.10000000 
    20.00000000     30.00000000     40.00000000      0.50000000      0.20000000      0.10000000 
    20.00000000     30.00000000     40.00000000      0.50000000      0.20000000      0.10000000 
    20.00000000     30.00000000     40.00000000      0.50000000      0.20000000      0.10000000 
    20.00000000     30.00000000     40.00000000      0.50000000      0.20000000      0.10000000 
    20.00000000     30.00000000     40.00000000      0.50000000      0.20000000      0.10000000 
    20.00000000     30.00000000     40.00000000      0.50000000      0.20000000      0.10000000 
    20.00000000     30.00000000     40.00000000      0.50000000      0.20000000      0.10000000 
    20.00000000     30.00000000     40.00000000      0.50000000      0.20000000      0.10000000 
    20.00000000     30.00000000     40.00000000      0.50000000      0.20000000      0.10000000 
    20.00000000     30.00000000     40.00000000      0.50000000      0.20000000      0.10000000 
    20.00000000     30.00000000     40.00000000      0.50000000      0.20000000      0.10000000 
