 1.500  -7.395e+01  -6.082e+01  -6.645e+01  -7.513e+01  -6.973e+01  -7.098e+01  -7.917e+01  -7.083e+01  -7.448e+01  -8.156e+01  -6.792e+01  -7.131e+01  -7.047e+01  -7.407e+01  -7.091e+01  -7.442e+01  -6.621e+01  -5.842e+01  -7.794e+01  -6.908e+01 
 1.750  -7.225e+01  -6.079e+01  -6.458e+01  -7.302e+01  -6.872e+01  -6.896e+01  -7.739e+01  -6.813e+01  -7.149e+01  -7.756e+01  -6.618e+01  -7.036e+01  -6.939e+01  -7.264e+01  -6.899e+01  -7.193e+01  -6.482e+01  -5.846e+01  -7.460e+01  -6.676e+01 
 2.000  -7.136e+01  -6.110e+01  -6.349e+01  -7.174e+01  -6.832e+01  -6.774e+01  -7.601e+01  -6.659e+01  -6.956e+01  -7.453e+01  -6.500e+01  -6.989e+01  -6.877e+01  -7.172e+01  -6.778e+01  -7.058e+01  -6.392e+01  -5.885e+01  -7.216e+01  -6.533e+01 
 2.250  -7.097e+01  -6.160e+01  -6.291e+01  -7.099e+01  -6.827e+01  -6.706e+01  -7.492e+01  -6.581e+01  -6.835e+01  -7.221e+01  -6.419e+01  -6.972e+01  -6.847e+01  -7.114e+01  -6.704e+01  -6.996e+01  -6.336e+01  -5.943e+01  -7.034e+01  -6.449e+01 
 2.500  -7.090e+01  -6.220e+01  -6.266e+01  -7.060e+01  -6.844e+01  -6.672e+01  -7.404e+01  -6.553e+01  -6.765e+01  -7.041e+01  -6.365e+01  -6.975e+01  -6.837e+01  -7.080e+01  -6.661e+01  -6.980e+01  -6.303e+01  -6.008e+01  -6.895e+01  -6.404e+01 
 2.750  -7.103e+01  -6.284e+01  -6.264e+01  -7.046e+01  -6.875e+01  -6.661e+01  -7.331e+01  -6.555e+01  -6.728e+01  -6.901e+01  -6.329e+01  -6.992e+01  -6.842e+01  -7.063e+01  -6.641e+01  -6.993e+01  -6.288e+01  -6.078e+01  -6.790e+01  -6.386e+01 
 3.000  -7.129e+01  -6.350e+01  -6.275e+01  -7.048e+01  -6.914e+01  -6.666e+01  -7.272e+01  -6.578e+01  -6.716e+01  -6.792e+01  -6.309e+01  -7.019e+01  -6.858e+01  -7.059e+01  -6.635e+01  -7.023e+01  -6.285e+01  -6.148e+01  -6.709e+01  -6.386e+01 
 3.250  -7.164e+01  -6.416e+01  -6.297e+01  -7.061e+01  -6.958e+01  -6.682e+01  -7.223e+01  -6.612e+01  -6.720e+01  -6.708e+01  -6.299e+01  -7.051e+01  -6.881e+01  -7.064e+01  -6.641e+01  -7.064e+01  -6.291e+01  -6.217e+01  -6.647e+01  -6.399e+01 
 3.500  -7.203e+01  -6.481e+01  -6.326e+01  -7.083e+01  -7.005e+01  -6.706e+01  -7.182e+01  -6.653e+01  -6.735e+01  -6.643e+01  -6.298e+01  -7.087e+01  -6.909e+01  -7.077e+01  -6.655e+01  -7.110e+01  -6.305e+01  -6.284e+01  -6.601e+01  -6.420e+01 
 3.750  -7.246e+01  -6.544e+01  -6.359e+01  -7.110e+01  -7.054e+01  -6.735e+01  -7.149e+01  -6.699e+01  -6.759e+01  -6.593e+01  -6.303e+01  -7.126e+01  -6.941e+01  -7.094e+01  -6.675e+01  -7.160e+01  -6.323e+01  -6.350e+01  -6.566e+01  -6.447e+01 
 4.000  -7.290e+01  -6.605e+01  -6.395e+01  -7.141e+01  -7.103e+01  -6.767e+01  -7.121e+01  -6.747e+01  -6.787e+01  -6.556e+01  -6.314e+01  -7.167e+01  -6.975e+01  -7.116e+01  -6.699e+01  -7.212e+01  -6.345e+01  -6.413e+01  -6.542e+01  -6.478e+01 
 4.250  -7.335e+01  -6.664e+01  -6.433e+01  -7.175e+01  -7.152e+01  -6.802e+01  -7.100e+01  -6.797e+01  -6.820e+01  -6.529e+01  -6.328e+01  -7.209e+01  -7.011e+01  -7.140e+01  -6.726e+01  -7.264e+01  -6.371e+01  -6.475e+01  -6.525e+01  -6.512e+01 
 4.500  -7.381e+01  -6.721e+01  -6.472e+01  -7.210e+01  -7.200e+01  -6.838e+01  -7.082e+01  -6.846e+01  -6.855e+01  -6.511e+01  -6.346e+01  -7.251e+01  -7.048e+01  -7.167e+01  -6.756e+01  -7.315e+01  -6.398e+01  -6.533e+01  -6.514e+01  -6.548e+01 
 4.750  -7.426e+01  -6.777e+01  -6.511e+01  -7.246e+01  -7.248e+01  -6.875e+01  -7.069e+01  -6.895e+01  -6.891e+01  -6.499e+01  -6.366e+01  -7.293e+01  -7.085e+01  -7.195e+01  -6.787e+01  -7.366e+01  -6.427e+01  -6.590e+01  -6.509e+01  -6.585e+01 
 5.000  -7.470e+01  -6.830e+01  -6.551e+01  -7.283e+01  -7.295e+01  -6.913e+01  -7.059e+01  -6.943e+01  -6.928e+01  -6.493e+01  -6.388e+01  -7.334e+01  -7.123e+01  -7.225e+01  -6.819e+01  -7.416e+01  -6.457e+01  -6.644e+01  -6.509e+01  -6.623e+01 
 5.250  -7.514e+01  -6.881e+01  -6.591e+01  -7.321e+01  -7.340e+01  -6.951e+01  -7.052e+01  -6.991e+01  -6.966e+01  -6.492e+01  -6.412e+01  -7.376e+01  -7.160e+01  -7.255e+01  -6.852e+01  -7.465e+01  -6.488e+01  -6.697e+01  -6.512e+01  -6.660e+01 
 5.500  -7.558e+01  -6.931e+01  -6.630e+01  -7.358e+01  -7.385e+01  -6.989e+01  -7.048e+01  -7.037e+01  -7.004e+01  -6.495e+01  -6.437e+01  -7.416e+01  -7.198e+01  -7.286e+01  -6.885e+01  -7.512e+01  -6.519e+01  -6.747e+01  -6.518e+01  -6.698e+01 
 5.750  -7.600e+01  -6.979e+01  -6.669e+01  -7.395e+01  -7.429e+01  -7.026e+01  -7.047e+01  -7.082e+01  -7.042e+01  -6.501e+01  -6.463e+01  -7.456e+01  -7.235e+01  -7.317e+01  -6.918e+01  -7.559e+01  -6.551e+01  -6.796e+01  -6.526e+01  -6.736e+01 
 6.000  -7.641e+01  -7.025e+01  -6.707e+01  -7.431e+01  -7.471e+01  -7.063e+01  -7.047e+01  -7.126e+01  -7.079e+01  -6.509e+01  -6.489e+01  -7.495e+01  -7.272e+01  -7.349e+01  -6.952e+01  -7.603e+01  -6.582e+01  -6.843e+01  -6.537e+01  -6.773e+01 
 6.250  -7.682e+01  -7.070e+01  -6.745e+01  -7.467e+01  -7.513e+01  -7.100e+01  -7.049e+01  -7.169e+01  -7.116e+01  -6.520e+01  -6.515e+01  -7.534e+01  -7.308e+01  -7.380e+01  -6.985e+01  -7.647e+01  -6.614e+01  -6.889e+01  -6.549e+01  -6.809e+01 
 6.500  -7.721e+01  -7.114e+01  -6.782e+01  -7.503e+01  -7.553e+01  -7.136e+01  -7.053e+01  -7.210e+01  -7.152e+01  -6.532e+01  -6.542e+01  -7.572e+01  -7.343e+01  -7.411e+01  -7.017e+01  -7.689e+01  -6.645e+01  -6.933e+01  -6.563e+01  -6.845e+01 
 6.750  -7.760e+01  -7.156e+01  -6.818e+01  -7.538e+01  -7.592e+01  -7.171e+01  -7.059e+01  -7.251e+01  -7.188e+01  -6.547e+01  -6.569e+01  -7.608e+01  -7.378e+01  -7.442e+01  -7.050e+01  -7.730e+01  -6.677e+01  -6.975e+01  -6.578e+01  -6.881e+01 
 7.000  -7.797e+01  -7.196e+01  -6.854e+01  -7.573e+01  -7.631e+01  -7.206e+01  -7.065e+01  -7.290e+01  -7.223e+01  -6.562e+01  -6.596e+01  -7.645e+01  -7.413e+01  -7.473e+01  -7.082e+01  -7.770e+01  -6.707e+01  -7.016e+01  -6.594e+01  -6.915e+01 
 7.250  -7.834e+01  -7.236e+01  -6.889e+01  -7.606e+01  -7.668e+01  -7.240e+01  -7.073e+01  -7.329e+01  -7.258e+01  -6.578e+01  -6.623e+01  -7.680e+01  -7.446e+01  -7.503e+01  -7.114e+01  -7.809e+01  -6.738e+01  -7.056e+01  -6.611e+01  -6.950e+01 
 7.500  -7.870e+01  -7.274e+01  -6.923e+01  -7.640e+01  -7.704e+01  -7.273e+01  -7.082e+01  -7.366e+01  -7.292e+01  -6.595e+01  -6.650e+01  -7.714e+01  -7.479e+01  -7.533e+01  -7.145e+01  -7.847e+01  -6.768e+01  -7.095e+01  -6.629e+01  -6.983e+01 
 7.750  -7.905e+01  -7.311e+01  -6.956e+01  -7.672e+01  -7.740e+01  -7.306e+01  -7.092e+01  -7.402e+01  -7.325e+01  -6.613e+01  -6.677e+01  -7.748e+01  -7.512e+01  -7.562e+01  -7.176e+01  -7.884e+01  -6.798e+01  -7.132e+01  -6.647e+01  -7.016e+01 
 8.000  -7.939e+01  -7.347e+01  -6.989e+01  -7.704e+01  -7.774e+01  -7.338e+01  -7.102e+01  -7.438e+01  -7.357e+01  -6.632e+01  -6.704e+01  -7.781e+01  -7.543e+01  -7.592e+01  -7.206e+01  -7.919e+01  -6.827e+01  -7.169e+01  -6.666e+01  -7.048e+01 
