 1.500  -3.849e+02  -3.778e+02  -3.815e+02  -3.620e+02  -3.672e+02  -3.528e+02  -3.910e+02  -3.827e+02  -3.783e+02  -4.051e+02  -3.830e+02  -3.566e+02  -3.460e+02  -3.852e+02  -3.503e+02  -3.816e+02  -3.730e+02  -3.676e+02  -3.783e+02  -3.758e+02 
 1.750  -3.770e+02  -3.715e+02  -3.687e+02  -3.531e+02  -3.602e+02  -3.440e+02  -3.774e+02  -3.727e+02  -3.729e+02  -3.904e+02  -3.753e+02  -3.517e+02  -3.415e+02  -3.687e+02  -3.465e+02  -3.685e+02  -3.631e+02  -3.646e+02  -3.695e+02  -3.649e+02 
 2.000  -3.729e+02  -3.686e+02  -3.626e+02  -3.480e+02  -3.565e+02  -3.395e+02  -3.691e+02  -3.666e+02  -3.702e+02  -3.818e+02  -3.710e+02  -3.497e+02  -3.397e+02  -3.603e+02  -3.447e+02  -3.614e+02  -3.571e+02  -3.633e+02  -3.648e+02  -3.589e+02 
 2.250  -3.709e+02  -3.674e+02  -3.598e+02  -3.451e+02  -3.545e+02  -3.371e+02  -3.639e+02  -3.628e+02  -3.688e+02  -3.766e+02  -3.686e+02  -3.490e+02  -3.392e+02  -3.561e+02  -3.441e+02  -3.575e+02  -3.535e+02  -3.631e+02  -3.623e+02  -3.555e+02 
 2.500  -3.701e+02  -3.670e+02  -3.587e+02  -3.434e+02  -3.535e+02  -3.360e+02  -3.606e+02  -3.604e+02  -3.683e+02  -3.735e+02  -3.674e+02  -3.491e+02  -3.394e+02  -3.541e+02  -3.440e+02  -3.554e+02  -3.514e+02  -3.633e+02  -3.610e+02  -3.536e+02 
 2.750  -3.699e+02  -3.672e+02  -3.585e+02  -3.426e+02  -3.532e+02  -3.356e+02  -3.585e+02  -3.590e+02  -3.682e+02  -3.717e+02  -3.668e+02  -3.495e+02  -3.400e+02  -3.534e+02  -3.443e+02  -3.543e+02  -3.501e+02  -3.638e+02  -3.604e+02  -3.527e+02 
 3.000  -3.701e+02  -3.676e+02  -3.589e+02  -3.423e+02  -3.532e+02  -3.357e+02  -3.572e+02  -3.581e+02  -3.684e+02  -3.706e+02  -3.667e+02  -3.501e+02  -3.408e+02  -3.533e+02  -3.447e+02  -3.539e+02  -3.495e+02  -3.644e+02  -3.603e+02  -3.523e+02 
 3.250  -3.705e+02  -3.682e+02  -3.594e+02  -3.422e+02  -3.535e+02  -3.360e+02  -3.564e+02  -3.577e+02  -3.688e+02  -3.700e+02  -3.668e+02  -3.509e+02  -3.417e+02  -3.537e+02  -3.453e+02  -3.538e+02  -3.492e+02  -3.652e+02  -3.605e+02  -3.523e+02 
 3.500  -3.711e+02  -3.689e+02  -3.601e+02  -3.424e+02  -3.539e+02  -3.364e+02  -3.560e+02  -3.575e+02  -3.693e+02  -3.698e+02  -3.671e+02  -3.516e+02  -3.426e+02  -3.542e+02  -3.460e+02  -3.540e+02  -3.492e+02  -3.659e+02  -3.608e+02  -3.525e+02 
 3.750  -3.717e+02  -3.696e+02  -3.609e+02  -3.427e+02  -3.544e+02  -3.370e+02  -3.558e+02  -3.575e+02  -3.698e+02  -3.698e+02  -3.675e+02  -3.525e+02  -3.435e+02  -3.548e+02  -3.467e+02  -3.544e+02  -3.493e+02  -3.667e+02  -3.613e+02  -3.529e+02 
 4.000  -3.724e+02  -3.704e+02  -3.617e+02  -3.431e+02  -3.550e+02  -3.376e+02  -3.558e+02  -3.577e+02  -3.704e+02  -3.699e+02  -3.680e+02  -3.533e+02  -3.444e+02  -3.555e+02  -3.474e+02  -3.548e+02  -3.496e+02  -3.675e+02  -3.618e+02  -3.533e+02 
 4.250  -3.731e+02  -3.711e+02  -3.625e+02  -3.436e+02  -3.556e+02  -3.382e+02  -3.560e+02  -3.580e+02  -3.710e+02  -3.702e+02  -3.685e+02  -3.541e+02  -3.453e+02  -3.563e+02  -3.481e+02  -3.553e+02  -3.500e+02  -3.683e+02  -3.624e+02  -3.538e+02 