 1.500  -1.932e+02  -1.789e+02  -1.951e+02  -2.021e+02  -1.904e+02  -1.818e+02  -1.796e+02  -1.960e+02  -2.111e+02  -1.883e+02  -1.911e+02  -1.854e+02  -1.900e+02  -1.820e+02  -2.022e+02  -1.891e+02  -1.996e+02  -2.228e+02  -2.053e+02  -1.758e+02 
 1.750  -1.894e+02  -1.766e+02  -1.903e+02  -1.940e+02  -1.856e+02  -1.799e+02  -1.739e+02  -1.891e+02  -1.983e+02  -1.837e+02  -1.847e+02  -1.819e+02  -1.825e+02  -1.782e+02  -1.941e+02  -1.823e+02  -1.904e+02  -2.058e+02  -1.934e+02  -1.722e+02 
 2.000  -1.874e+02  -1.756e+02  -1.875e+02  -1.893e+02  -1.827e+02  -1.792e+02  -1.705e+02  -1.845e+02  -1.898e+02  -1.810e+02  -1.808e+02  -1.800e+02  -1.783e+02  -1.765e+02  -1.889e+02  -1.783e+02  -1.847e+02  -1.939e+02  -1.859e+02  -1.702e+02 
 2.250  -1.864e+02  -1.753e+02  -1.857e+02  -1.866e+02  -1.810e+02  -1.790e+02  -1.686e+02  -1.814e+02  -1.843e+02  -1.794e+02  -1.785e+02  -1.790e+02  -1.760e+02  -1.757e+02  -1.854e+02  -1.759e+02  -1.812e+02  -1.859e+02  -1.813e+02  -1.692e+02 
 2.500  -1.860e+02  -1.753e+02  -1.847e+02  -1.851e+02  -1.801e+02  -1.792e+02  -1.677e+02  -1.792e+02  -1.807e+02  -1.786e+02  -1.771e+02  -1.786e+02  -1.748e+02  -1.755e+02  -1.832e+02  -1.746e+02  -1.791e+02  -1.806e+02  -1.785e+02  -1.689e+02 
 2.750  -1.860e+02  -1.756e+02  -1.843e+02  -1.843e+02  -1.796e+02  -1.795e+02  -1.672e+02  -1.778e+02  -1.783e+02  -1.782e+02  -1.764e+02  -1.786e+02  -1.742e+02  -1.756e+02  -1.817e+02  -1.739e+02  -1.779e+02  -1.773e+02  -1.769e+02  -1.688e+02 
 3.000  -1.863e+02  -1.760e+02  -1.841e+02  -1.840e+02  -1.795e+02  -1.800e+02  -1.672e+02  -1.769e+02  -1.768e+02  -1.782e+02  -1.761e+02  -1.787e+02  -1.741e+02  -1.759e+02  -1.808e+02  -1.736e+02  -1.772e+02  -1.752e+02  -1.760e+02  -1.690e+02 
 3.250  -1.867e+02  -1.764e+02  -1.841e+02  -1.839e+02  -1.796e+02  -1.805e+02  -1.673e+02  -1.763e+02  -1.758e+02  -1.783e+02  -1.760e+02  -1.790e+02  -1.742e+02  -1.763e+02  -1.802e+02  -1.735e+02  -1.769e+02  -1.740e+02  -1.757e+02  -1.694e+02 
 3.500  -1.871e+02  -1.770e+02  -1.843e+02  -1.841e+02  -1.799e+02  -1.810e+02  -1.676e+02  -1.759e+02  -1.752e+02  -1.785e+02  -1.761e+02  -1.794e+02  -1.744e+02  -1.768e+02  -1.799e+02  -1.736e+02  -1.768e+02  -1.734e+02  -1.756e+02  -1.698e+02 
 3.750  -1.876e+02  -1.775e+02  -1.845e+02  -1.843e+02  -1.802e+02  -1.816e+02  -1.680e+02  -1.758e+02  -1.749e+02  -1.789e+02  -1.763e+02  -1.798e+02  -1.748e+02  -1.773e+02  -1.798e+02  -1.739e+02  -1.770e+02  -1.731e+02  -1.757e+02  -1.702e+02 
 4.000  -1.882e+02  -1.780e+02  -1.849e+02  -1.847e+02  -1.806e+02  -1.821e+02  -1.685e+02  -1.757e+02  -1.748e+02  -1.793e+02  -1.766e+02  -1.803e+02  -1.752e+02  -1.778e+02  -1.798e+02  -1.742e+02  -1.772e+02  -1.731e+02  -1.760e+02  -1.707e+02 
 4.250  -1.887e+02  -1.786e+02  -1.853e+02  -1.851e+02  -1.810e+02  -1.827e+02  -1.689e+02  -1.758e+02  -1.748e+02  -1.797e+02  -1.769e+02  -1.808e+02  -1.757e+02  -1.783e+02  -1.799e+02  -1.745e+02  -1.775e+02  -1.732e+02  -1.763e+02  -1.712e+02 
 4.500  -1.893e+02  -1.791e+02  -1.856e+02  -1.855e+02  -1.815e+02  -1.832e+02  -1.694e+02  -1.759e+02  -1.749e+02  -1.801e+02  -1.773e+02  -1.812e+02  -1.761e+02  -1.788e+02  -1.801e+02  -1.749e+02  -1.778e+02  -1.734e+02  -1.767e+02  -1.717e+02 
 4.750  -1.898e+02  -1.796e+02  -1.861e+02  -1.859e+02  -1.819e+02  -1.838e+02  -1.700e+02  -1.761e+02  -1.750e+02  -1.806e+02  -1.777e+02  -1.817e+02  -1.766e+02  -1.793e+02  -1.803e+02  -1.753e+02  -1.782e+02  -1.738e+02  -1.772e+02  -1.722e+02 
 5.000  -1.904e+02  -1.801e+02  -1.865e+02  -1.864e+02  -1.824e+02  -1.843e+02  -1.705e+02  -1.763e+02  -1.752e+02  -1.810e+02  -1.781e+02  -1.822e+02  -1.771e+02  -1.798e+02  -1.805e+02  -1.757e+02  -1.786e+02  -1.741e+02  -1.776e+02  -1.727e+02 
 5.250  -1.909e+02  -1.806e+02  -1.869e+02  -1.868e+02  -1.829e+02  -1.848e+02  -1.710e+02  -1.765e+02  -1.755e+02  -1.815e+02  -1.785e+02  -1.827e+02  -1.776e+02  -1.803e+02  -1.808e+02  -1.761e+02  -1.790e+02  -1.745e+02  -1.780e+02  -1.732e+02 
 5.500  -1.914e+02  -1.811e+02  -1.873e+02  -1.872e+02  -1.833e+02  -1.853e+02  -1.714e+02  -1.768e+02  -1.757e+02  -1.819e+02  -1.790e+02  -1.831e+02  -1.780e+02  -1.808e+02  -1.811e+02  -1.765e+02  -1.794e+02  -1.749e+02  -1.785e+02  -1.737e+02 
 5.750  -1.919e+02  -1.816e+02  -1.877e+02  -1.877e+02  -1.838e+02  -1.858e+02  -1.719e+02  -1.771e+02  -1.760e+02  -1.823e+02  -1.794e+02  -1.836e+02  -1.785e+02  -1.812e+02  -1.814e+02  -1.769e+02  -1.798e+02  -1.753e+02  -1.789e+02  -1.742e+02 
 6.000  -1.924e+02  -1.820e+02  -1.882e+02  -1.881e+02  -1.842e+02  -1.862e+02  -1.724e+02  -1.774e+02  -1.763e+02  -1.828e+02  -1.798e+02  -1.840e+02  -1.789e+02  -1.817e+02  -1.817e+02  -1.773e+02  -1.802e+02  -1.757e+02  -1.794e+02  -1.746e+02 
 6.250  -1.929e+02  -1.825e+02  -1.886e+02  -1.885e+02  -1.846e+02  -1.867e+02  -1.729e+02  -1.777e+02  -1.766e+02  -1.832e+02  -1.802e+02  -1.845e+02  -1.793e+02  -1.821e+02  -1.820e+02  -1.777e+02  -1.806e+02  -1.761e+02  -1.798e+02  -1.751e+02 
 6.500  -1.933e+02  -1.829e+02  -1.890e+02  -1.889e+02  -1.850e+02  -1.871e+02  -1.733e+02  -1.780e+02  -1.769e+02  -1.836e+02  -1.806e+02  -1.849e+02  -1.798e+02  -1.825e+02  -1.823e+02  -1.781e+02  -1.810e+02  -1.765e+02  -1.802e+02  -1.755e+02 
 6.750  -1.937e+02  -1.833e+02  -1.893e+02  -1.893e+02  -1.854e+02  -1.875e+02  -1.737e+02  -1.783e+02  -1.772e+02  -1.840e+02  -1.809e+02  -1.853e+02  -1.802e+02  -1.829e+02  -1.826e+02  -1.785e+02  -1.814e+02  -1.770e+02  -1.807e+02  -1.759e+02 
 7.000  -1.942e+02  -1.837e+02  -1.897e+02  -1.897e+02  -1.858e+02  -1.879e+02  -1.742e+02  -1.786e+02  -1.775e+02  -1.844e+02  -1.813e+02  -1.857e+02  -1.806e+02  -1.833e+02  -1.829e+02  -1.789e+02  -1.817e+02  -1.773e+02  -1.811e+02  -1.763e+02 
 7.250  -1.946e+02  -1.841e+02  -1.901e+02  -1.901e+02  -1.862e+02  -1.883e+02  -1.746e+02  -1.789e+02  -1.778e+02  -1.848e+02  -1.817e+02  -1.861e+02  -1.810e+02  -1.837e+02  -1.832e+02  -1.792e+02  -1.821e+02  -1.777e+02  -1.815e+02  -1.767e+02 
 7.500  -1.950e+02  -1.845e+02  -1.905e+02  -1.905e+02  -1.866e+02  -1.887e+02  -1.750e+02  -1.792e+02  -1.781e+02  -1.851e+02  -1.821e+02  -1.865e+02  -1.814e+02  -1.841e+02  -1.835e+02  -1.796e+02  -1.825e+02  -1.781e+02  -1.819e+02  -1.771e+02 
 7.750  -1.954e+02  -1.849e+02  -1.908e+02  -1.908e+02  -1.870e+02  -1.891e+02  -1.753e+02  -1.795e+02  -1.784e+02  -1.855e+02  -1.824e+02  -1.868e+02  -1.817e+02  -1.844e+02  -1.839e+02  -1.800e+02  -1.828e+02  -1.785e+02  -1.822e+02  -1.775e+02 
 8.000  -1.957e+02  -1.852e+02  -1.912e+02  -1.912e+02  -1.873e+02  -1.894e+02  -1.757e+02  -1.798e+02  -1.787e+02  -1.859e+02  -1.827e+02  -1.872e+02  -1.821e+02  -1.848e+02  -1.842e+02  -1.803e+02  -1.832e+02  -1.788e+02  -1.826e+02  -1.778e+02 
