 1.50 -6.210e+01 -7.042e+01 -6.896e+01 -6.980e+01 -7.136e+01 -6.888e+01 -5.955e+01 -6.198e+01 -6.574e+01 -6.750e+01 -6.924e+01 -6.506e+01 -7.372e+01 -5.915e+01 -5.874e+01 -6.275e+01 -6.028e+01 -6.282e+01 -6.144e+01 -6.359e+01 -6.393e+01 -6.207e+01 -6.524e+01 -7.776e+01 -6.752e+01 -6.596e+01 -6.132e+01 -6.170e+01 -7.205e+01 -6.524e+01 -6.987e+01 -6.010e+01 -5.269e+01 -6.940e+01 -6.340e+01 -6.091e+01 -6.024e+01 -6.370e+01 -6.055e+01 -6.926e+01 -5.378e+01 -6.807e+01 -6.161e+01 -5.870e+01 -5.853e+01 -6.660e+01 -7.216e+01 -5.478e+01 -6.440e+01 -6.919e+01 
 1.75 -5.941e+01 -6.762e+01 -6.565e+01 -6.638e+01 -6.897e+01 -6.687e+01 -5.766e+01 -5.962e+01 -6.358e+01 -6.355e+01 -6.428e+01 -6.219e+01 -6.873e+01 -5.706e+01 -5.627e+01 -6.026e+01 -5.911e+01 -6.092e+01 -5.920e+01 -6.127e+01 -6.158e+01 -5.894e+01 -6.258e+01 -7.269e+01 -6.383e+01 -6.196e+01 -5.899e+01 -5.755e+01 -6.766e+01 -6.431e+01 -6.740e+01 -5.632e+01 -5.234e+01 -6.520e+01 -6.018e+01 -5.804e+01 -5.842e+01 -6.205e+01 -5.817e+01 -6.619e+01 -5.081e+01 -6.515e+01 -6.028e+01 -5.532e+01 -5.670e+01 -6.332e+01 -6.787e+01 -5.294e+01 -6.175e+01 -6.591e+01 
 2.00 -5.786e+01 -6.538e+01 -6.350e+01 -6.384e+01 -6.720e+01 -6.545e+01 -5.670e+01 -5.841e+01 -6.205e+01 -6.078e+01 -6.082e+01 -6.049e+01 -6.490e+01 -5.593e+01 -5.462e+01 -5.881e+01 -5.856e+01 -5.999e+01 -5.774e+01 -5.960e+01 -6.019e+01 -5.686e+01 -6.088e+01 -6.890e+01 -6.115e+01 -5.934e+01 -5.733e+01 -5.494e+01 -6.451e+01 -6.387e+01 -6.576e+01 -5.394e+01 -5.250e+01 -6.235e+01 -5.806e+01 -5.639e+01 -5.739e+01 -6.094e+01 -5.662e+01 -6.423e+01 -4.916e+01 -6.303e+01 -5.955e+01 -5.310e+01 -5.546e+01 -6.120e+01 -6.504e+01 -5.173e+01 -5.996e+01 -6.353e+01 
 2.25 -5.706e+01 -6.354e+01 -6.216e+01 -6.193e+01 -6.586e+01 -6.447e+01 -5.626e+01 -5.791e+01 -6.096e+01 -5.890e+01 -5.851e+01 -5.953e+01 -6.193e+01 -5.541e+01 -5.352e+01 -5.802e+01 -5.839e+01 -5.958e+01 -5.683e+01 -5.836e+01 -5.940e+01 -5.549e+01 -5.980e+01 -6.606e+01 -5.918e+01 -5.771e+01 -5.617e+01 -5.349e+01 -6.225e+01 -6.373e+01 -6.467e+01 -5.260e+01 -5.300e+01 -6.052e+01 -5.671e+01 -5.553e+01 -5.694e+01 -6.019e+01 -5.568e+01 -6.300e+01 -4.835e+01 -6.149e+01 -5.922e+01 -5.168e+01 -5.465e+01 -5.988e+01 -6.325e+01 -5.099e+01 -5.876e+01 -6.179e+01 
 2.50 -5.676e+01 -6.202e+01 -6.137e+01 -6.053e+01 -6.488e+01 -6.380e+01 -5.613e+01 -5.786e+01 -6.021e+01 -5.769e+01 -5.707e+01 -5.903e+01 -5.962e+01 -5.528e+01 -5.282e+01 -5.766e+01 -5.849e+01 -5.947e+01 -5.631e+01 -5.745e+01 -5.900e+01 -5.462e+01 -5.914e+01 -6.395e+01 -5.773e+01 -5.681e+01 -5.539e+01 -5.289e+01 -6.065e+01 -6.379e+01 -6.397e+01 -5.201e+01 -5.371e+01 -5.947e+01 -5.592e+01 -5.519e+01 -5.691e+01 -5.970e+01 -5.522e+01 -6.222e+01 -4.805e+01 -6.042e+01 -5.916e+01 -5.082e+01 -5.415e+01 -5.912e+01 -6.220e+01 -5.059e+01 -5.799e+01 -6.054e+01 
 2.75 -5.679e+01 -6.075e+01 -6.097e+01 -5.954e+01 -6.416e+01 -6.338e+01 -5.617e+01 -5.810e+01 -5.972e+01 -5.701e+01 -5.625e+01 -5.883e+01 -5.785e+01 -5.540e+01 -5.240e+01 -5.760e+01 -5.877e+01 -5.953e+01 -5.608e+01 -5.678e+01 -5.885e+01 -5.412e+01 -5.875e+01 -6.239e+01 -5.668e+01 -5.641e+01 -5.491e+01 -5.286e+01 -5.953e+01 -6.399e+01 -6.354e+01 -5.196e+01 -5.454e+01 -5.901e+01 -5.555e+01 -5.518e+01 -5.716e+01 -5.941e+01 -5.514e+01 -6.176e+01 -4.807e+01 -5.972e+01 -5.930e+01 -5.036e+01 -5.388e+01 -5.876e+01 -6.166e+01 -5.045e+01 -5.754e+01 -5.967e+01 
 3.00 -5.704e+01 -5.969e+01 -6.085e+01 -5.888e+01 -6.365e+01 -6.315e+01 -5.633e+01 -5.852e+01 -5.944e+01 -5.672e+01 -5.588e+01 -5.883e+01 -5.650e+01 -5.571e+01 -5.219e+01 -5.775e+01 -5.917e+01 -5.969e+01 -5.606e+01 -5.628e+01 -5.888e+01 -5.388e+01 -5.856e+01 -6.124e+01 -5.593e+01 -5.636e+01 -5.467e+01 -5.323e+01 -5.877e+01 -6.428e+01 -6.330e+01 -5.227e+01 -5.545e+01 -5.896e+01 -5.548e+01 -5.540e+01 -5.763e+01 -5.925e+01 -5.534e+01 -6.150e+01 -4.830e+01 -5.933e+01 -5.958e+01 -5.018e+01 -5.380e+01 -5.868e+01 -6.146e+01 -5.052e+01 -5.734e+01 -5.911e+01 
 3.25 -5.744e+01 -5.879e+01 -6.094e+01 -5.850e+01 -6.333e+01 -6.307e+01 -5.657e+01 -5.906e+01 -5.932e+01 -5.674e+01 -5.581e+01 -5.896e+01 -5.550e+01 -5.613e+01 -5.214e+01 -5.804e+01 -5.967e+01 -5.992e+01 -5.620e+01 -5.594e+01 -5.903e+01 -5.383e+01 -5.851e+01 -6.041e+01 -5.542e+01 -5.657e+01 -5.461e+01 -5.384e+01 -5.829e+01 -6.463e+01 -6.321e+01 -5.282e+01 -5.640e+01 -5.922e+01 -5.563e+01 -5.576e+01 -5.823e+01 -5.920e+01 -5.574e+01 -6.139e+01 -4.866e+01 -5.919e+01 -5.996e+01 -5.021e+01 -5.386e+01 -5.880e+01 -6.150e+01 -5.073e+01 -5.732e+01 -5.879e+01 
 3.50 -5.795e+01 -5.804e+01 -6.117e+01 -5.834e+01 -6.314e+01 -6.310e+01 -5.686e+01 -5.968e+01 -5.933e+01 -5.698e+01 -5.595e+01 -5.920e+01 -5.477e+01 -5.664e+01 -5.221e+01 -5.842e+01 -6.022e+01 -6.018e+01 -5.646e+01 -5.570e+01 -5.927e+01 -5.393e+01 -5.857e+01 -5.981e+01 -5.510e+01 -5.695e+01 -5.469e+01 -5.461e+01 -5.802e+01 -6.504e+01 -6.324e+01 -5.353e+01 -5.737e+01 -5.968e+01 -5.595e+01 -5.623e+01 -5.893e+01 -5.924e+01 -5.630e+01 -6.138e+01 -4.911e+01 -5.924e+01 -6.041e+01 -5.039e+01 -5.403e+01 -5.907e+01 -6.170e+01 -5.107e+01 -5.744e+01 -5.868e+01 
 3.75 -5.853e+01 -5.741e+01 -6.151e+01 -5.837e+01 -6.307e+01 -6.323e+01 -5.719e+01 -6.035e+01 -5.944e+01 -5.738e+01 -5.624e+01 -5.950e+01 -5.427e+01 -5.720e+01 -5.238e+01 -5.888e+01 -6.082e+01 -6.048e+01 -5.681e+01 -5.555e+01 -5.958e+01 -5.415e+01 -5.870e+01 -5.940e+01 -5.494e+01 -5.744e+01 -5.490e+01 -5.547e+01 -5.791e+01 -6.549e+01 -6.335e+01 -5.432e+01 -5.834e+01 -6.028e+01 -5.638e+01 -5.677e+01 -5.969e+01 -5.934e+01 -5.697e+01 -6.145e+01 -4.962e+01 -5.945e+01 -6.092e+01 -5.069e+01 -5.428e+01 -5.946e+01 -6.201e+01 -5.149e+01 -5.766e+01 -5.872e+01 
 4.00 -5.915e+01 -5.688e+01 -6.192e+01 -5.853e+01 -6.310e+01 -6.342e+01 -5.755e+01 -6.106e+01 -5.964e+01 -5.789e+01 -5.663e+01 -5.985e+01 -5.395e+01 -5.781e+01 -5.261e+01 -5.938e+01 -6.144e+01 -6.080e+01 -5.723e+01 -5.548e+01 -5.993e+01 -5.445e+01 -5.889e+01 -5.913e+01 -5.489e+01 -5.801e+01 -5.519e+01 -5.637e+01 -5.791e+01 -6.596e+01 -6.354e+01 -5.518e+01 -5.931e+01 -6.098e+01 -5.690e+01 -5.736e+01 -6.049e+01 -5.949e+01 -5.770e+01 -6.158e+01 -5.017e+01 -5.978e+01 -6.147e+01 -5.106e+01 -5.460e+01 -5.991e+01 -6.239e+01 -5.198e+01 -5.797e+01 -5.889e+01 
 4.25 -5.981e+01 -5.645e+01 -6.238e+01 -5.881e+01 -6.320e+01 -6.367e+01 -5.793e+01 -6.178e+01 -5.989e+01 -5.848e+01 -5.708e+01 -6.024e+01 -5.379e+01 -5.844e+01 -5.290e+01 -5.992e+01 -6.208e+01 -6.113e+01 -5.770e+01 -5.546e+01 -6.032e+01 -5.481e+01 -5.913e+01 -5.897e+01 -5.495e+01 -5.864e+01 -5.556e+01 -5.731e+01 -5.801e+01 -6.646e+01 -6.377e+01 -5.606e+01 -6.025e+01 -6.173e+01 -5.747e+01 -5.797e+01 -6.130e+01 -5.968e+01 -5.849e+01 -6.175e+01 -5.074e+01 -6.021e+01 -6.205e+01 -5.150e+01 -5.498e+01 -6.043e+01 -6.283e+01 -5.251e+01 -5.833e+01 -5.916e+01 
 4.50 -6.048e+01 -5.610e+01 -6.289e+01 -5.918e+01 -6.337e+01 -6.397e+01 -5.832e+01 -6.251e+01 -6.020e+01 -5.912e+01 -5.758e+01 -6.065e+01 -5.374e+01 -5.908e+01 -5.323e+01 -6.048e+01 -6.274e+01 -6.147e+01 -5.820e+01 -5.549e+01 -6.074e+01 -5.522e+01 -5.941e+01 -5.889e+01 -5.508e+01 -5.930e+01 -5.598e+01 -5.824e+01 -5.819e+01 -6.696e+01 -6.405e+01 -5.694e+01 -6.118e+01 -6.252e+01 -5.809e+01 -5.861e+01 -6.211e+01 -5.990e+01 -5.930e+01 -6.196e+01 -5.133e+01 -6.071e+01 -6.265e+01 -5.198e+01 -5.539e+01 -6.098e+01 -6.331e+01 -5.308e+01 -5.874e+01 -5.952e+01 
 4.75 -6.116e+01 -5.581e+01 -6.341e+01 -5.962e+01 -6.358e+01 -6.430e+01 -5.873e+01 -6.324e+01 -6.055e+01 -5.979e+01 -5.812e+01 -6.109e+01 -5.380e+01 -5.973e+01 -5.359e+01 -6.105e+01 -6.340e+01 -6.182e+01 -5.873e+01 -5.556e+01 -6.118e+01 -5.566e+01 -5.971e+01 -5.888e+01 -5.528e+01 -5.999e+01 -5.644e+01 -5.917e+01 -5.842e+01 -6.748e+01 -6.436e+01 -5.783e+01 -6.208e+01 -6.332e+01 -5.874e+01 -5.925e+01 -6.292e+01 -6.015e+01 -6.012e+01 -6.219e+01 -5.193e+01 -6.126e+01 -6.326e+01 -5.249e+01 -5.584e+01 -6.157e+01 -6.381e+01 -5.368e+01 -5.918e+01 -5.993e+01 
 5.00 -6.184e+01 -5.558e+01 -6.396e+01 -6.010e+01 -6.384e+01 -6.466e+01 -5.914e+01 -6.397e+01 -6.093e+01 -6.047e+01 -5.867e+01 -6.153e+01 -5.394e+01 -6.039e+01 -5.397e+01 -6.163e+01 -6.405e+01 -6.218e+01 -5.928e+01 -5.566e+01 -6.164e+01 -5.613e+01 -6.004e+01 -5.892e+01 -5.553e+01 -6.068e+01 -5.694e+01 -6.009e+01 -5.869e+01 -6.801e+01 -6.469e+01 -5.870e+01 -6.296e+01 -6.413e+01 -5.940e+01 -5.990e+01 -6.372e+01 -6.041e+01 -6.095e+01 -6.244e+01 -5.253e+01 -6.184e+01 -6.388e+01 -5.302e+01 -5.631e+01 -6.217e+01 -6.432e+01 -5.429e+01 -5.965e+01 -6.039e+01 
 5.25 -6.252e+01 -5.541e+01 -6.451e+01 -6.062e+01 -6.413e+01 -6.503e+01 -5.956e+01 -6.469e+01 -6.134e+01 -6.116e+01 -5.924e+01 -6.199e+01 -5.414e+01 -6.105e+01 -5.437e+01 -6.221e+01 -6.471e+01 -6.254e+01 -5.984e+01 -5.579e+01 -6.210e+01 -5.662e+01 -6.039e+01 -5.901e+01 -5.582e+01 -6.137e+01 -5.745e+01 -6.099e+01 -5.900e+01 -6.853e+01 -6.505e+01 -5.956e+01 -6.381e+01 -6.494e+01 -6.007e+01 -6.055e+01 -6.451e+01 -6.070e+01 -6.177e+01 -6.270e+01 -5.313e+01 -6.245e+01 -6.450e+01 -5.357e+01 -5.679e+01 -6.278e+01 -6.485e+01 -5.491e+01 -6.013e+01 -6.089e+01 
 5.50 -6.319e+01 -5.528e+01 -6.507e+01 -6.117e+01 -6.444e+01 -6.542e+01 -5.999e+01 -6.540e+01 -6.176e+01 -6.185e+01 -5.981e+01 -6.246e+01 -5.439e+01 -6.170e+01 -5.478e+01 -6.279e+01 -6.535e+01 -6.291e+01 -6.041e+01 -5.594e+01 -6.258e+01 -5.713e+01 -6.075e+01 -5.913e+01 -5.615e+01 -6.207e+01 -5.799e+01 -6.187e+01 -5.934e+01 -6.906e+01 -6.542e+01 -6.040e+01 -6.464e+01 -6.574e+01 -6.074e+01 -6.120e+01 -6.528e+01 -6.100e+01 -6.259e+01 -6.298e+01 -5.373e+01 -6.308e+01 -6.512e+01 -5.413e+01 -5.729e+01 -6.339e+01 -6.538e+01 -5.554e+01 -6.062e+01 -6.141e+01 
 5.75 -6.386e+01 -5.520e+01 -6.563e+01 -6.173e+01 -6.477e+01 -6.582e+01 -6.042e+01 -6.611e+01 -6.220e+01 -6.253e+01 -6.039e+01 -6.293e+01 -5.468e+01 -6.235e+01 -5.519e+01 -6.337e+01 -6.599e+01 -6.327e+01 -6.098e+01 -5.611e+01 -6.305e+01 -5.764e+01 -6.112e+01 -5.928e+01 -5.650e+01 -6.276e+01 -5.853e+01 -6.273e+01 -5.969e+01 -6.959e+01 -6.581e+01 -6.121e+01 -6.544e+01 -6.652e+01 -6.141e+01 -6.184e+01 -6.602e+01 -6.130e+01 -6.340e+01 -6.327e+01 -5.433e+01 -6.372e+01 -6.574e+01 -5.470e+01 -5.780e+01 -6.401e+01 -6.592e+01 -5.616e+01 -6.111e+01 -6.195e+01 
 6.00 -6.452e+01 -5.514e+01 -6.618e+01 -6.230e+01 -6.513e+01 -6.622e+01 -6.084e+01 -6.680e+01 -6.265e+01 -6.320e+01 -6.096e+01 -6.340e+01 -5.501e+01 -6.299e+01 -5.561e+01 -6.394e+01 -6.662e+01 -6.364e+01 -6.155e+01 -5.629e+01 -6.353e+01 -5.816e+01 -6.150e+01 -5.945e+01 -5.688e+01 -6.344e+01 -5.907e+01 -6.356e+01 -6.007e+01 -7.012e+01 -6.620e+01 -6.200e+01 -6.622e+01 -6.729e+01 -6.208e+01 -6.247e+01 -6.675e+01 -6.162e+01 -6.419e+01 -6.357e+01 -5.492e+01 -6.436e+01 -6.636e+01 -5.526e+01 -5.831e+01 -6.462e+01 -6.645e+01 -5.679e+01 -6.161e+01 -6.251e+01 
 6.25 -6.516e+01 -5.513e+01 -6.673e+01 -6.287e+01 -6.549e+01 -6.663e+01 -6.127e+01 -6.748e+01 -6.310e+01 -6.386e+01 -6.154e+01 -6.387e+01 -5.536e+01 -6.362e+01 -5.603e+01 -6.451e+01 -6.724e+01 -6.400e+01 -6.211e+01 -5.649e+01 -6.401e+01 -5.868e+01 -6.189e+01 -5.964e+01 -5.727e+01 -6.411e+01 -5.962e+01 -6.437e+01 -6.045e+01 -7.064e+01 -6.660e+01 -6.278e+01 -6.697e+01 -6.805e+01 -6.274e+01 -6.309e+01 -6.746e+01 -6.194e+01 -6.496e+01 -6.387e+01 -5.550e+01 -6.500e+01 -6.696e+01 -5.583e+01 -5.883e+01 -6.523e+01 -6.698e+01 -5.741e+01 -6.210e+01 -6.307e+01 
 6.50 -6.579e+01 -5.514e+01 -6.728e+01 -6.344e+01 -6.586e+01 -6.704e+01 -6.170e+01 -6.814e+01 -6.355e+01 -6.451e+01 -6.210e+01 -6.434e+01 -5.573e+01 -6.424e+01 -5.645e+01 -6.506e+01 -6.785e+01 -6.437e+01 -6.267e+01 -5.669e+01 -6.449e+01 -5.920e+01 -6.228e+01 -5.984e+01 -5.767e+01 -6.476e+01 -6.017e+01 -6.516e+01 -6.084e+01 -7.116e+01 -6.700e+01 -6.352e+01 -6.770e+01 -6.878e+01 -6.339e+01 -6.371e+01 -6.814e+01 -6.226e+01 -6.572e+01 -6.418e+01 -5.607e+01 -6.564e+01 -6.756e+01 -5.639e+01 -5.934e+01 -6.584e+01 -6.751e+01 -5.802e+01 -6.259e+01 -6.364e+01 
 6.75 -6.642e+01 -5.517e+01 -6.781e+01 -6.401e+01 -6.624e+01 -6.745e+01 -6.213e+01 -6.879e+01 -6.401e+01 -6.513e+01 -6.266e+01 -6.481e+01 -5.611e+01 -6.485e+01 -5.686e+01 -6.561e+01 -6.845e+01 -6.473e+01 -6.323e+01 -5.690e+01 -6.497e+01 -5.972e+01 -6.268e+01 -6.006e+01 -5.808e+01 -6.541e+01 -6.072e+01 -6.593e+01 -6.124e+01 -7.168e+01 -6.741e+01 -6.425e+01 -6.841e+01 -6.950e+01 -6.402e+01 -6.431e+01 -6.881e+01 -6.259e+01 -6.646e+01 -6.449e+01 -5.663e+01 -6.628e+01 -6.816e+01 -5.695e+01 -5.986e+01 -6.643e+01 -6.803e+01 -5.863e+01 -6.308e+01 -6.421e+01 
 7.00 -6.702e+01 -5.523e+01 -6.834e+01 -6.458e+01 -6.662e+01 -6.785e+01 -6.256e+01 -6.943e+01 -6.447e+01 -6.574e+01 -6.322e+01 -6.527e+01 -5.651e+01 -6.545e+01 -5.728e+01 -6.615e+01 -6.903e+01 -6.510e+01 -6.377e+01 -5.712e+01 -6.544e+01 -6.024e+01 -6.308e+01 -6.029e+01 -5.850e+01 -6.604e+01 -6.126e+01 -6.667e+01 -6.164e+01 -7.219e+01 -6.782e+01 -6.495e+01 -6.910e+01 -7.020e+01 -6.465e+01 -6.490e+01 -6.946e+01 -6.292e+01 -6.718e+01 -6.480e+01 -5.718e+01 -6.690e+01 -6.874e+01 -5.751e+01 -6.037e+01 -6.702e+01 -6.854e+01 -5.923e+01 -6.355e+01 -6.478e+01 
 7.25 -6.762e+01 -5.530e+01 -6.886e+01 -6.513e+01 -6.700e+01 -6.826e+01 -6.298e+01 -7.005e+01 -6.492e+01 -6.634e+01 -6.377e+01 -6.574e+01 -5.691e+01 -6.603e+01 -5.768e+01 -6.668e+01 -6.960e+01 -6.546e+01 -6.431e+01 -5.735e+01 -6.591e+01 -6.075e+01 -6.348e+01 -6.053e+01 -5.892e+01 -6.666e+01 -6.180e+01 -6.740e+01 -6.204e+01 -7.269e+01 -6.823e+01 -6.563e+01 -6.976e+01 -7.089e+01 -6.527e+01 -6.548e+01 -7.008e+01 -6.325e+01 -6.788e+01 -6.512e+01 -5.772e+01 -6.752e+01 -6.931e+01 -5.805e+01 -6.088e+01 -6.760e+01 -6.905e+01 -5.982e+01 -6.402e+01 -6.534e+01 
 7.50 -6.820e+01 -5.540e+01 -6.937e+01 -6.568e+01 -6.738e+01 -6.866e+01 -6.340e+01 -7.066e+01 -6.538e+01 -6.692e+01 -6.431e+01 -6.619e+01 -5.732e+01 -6.661e+01 -5.808e+01 -6.719e+01 -7.017e+01 -6.582e+01 -6.484e+01 -5.758e+01 -6.637e+01 -6.125e+01 -6.388e+01 -6.078e+01 -5.935e+01 -6.727e+01 -6.233e+01 -6.810e+01 -6.245e+01 -7.319e+01 -6.863e+01 -6.629e+01 -7.040e+01 -7.155e+01 -6.587e+01 -6.605e+01 -7.069e+01 -6.357e+01 -6.857e+01 -6.543e+01 -5.826e+01 -6.812e+01 -6.988e+01 -5.859e+01 -6.138e+01 -6.817e+01 -6.955e+01 -6.040e+01 -6.448e+01 -6.590e+01 
 7.75 -6.877e+01 -5.551e+01 -6.986e+01 -6.622e+01 -6.776e+01 -6.905e+01 -6.382e+01 -7.126e+01 -6.583e+01 -6.748e+01 -6.484e+01 -6.664e+01 -5.773e+01 -6.717e+01 -5.848e+01 -6.770e+01 -7.072e+01 -6.617e+01 -6.536e+01 -5.781e+01 -6.683e+01 -6.175e+01 -6.428e+01 -6.103e+01 -5.977e+01 -6.786e+01 -6.285e+01 -6.879e+01 -6.285e+01 -7.368e+01 -6.904e+01 -6.693e+01 -7.103e+01 -7.220e+01 -6.646e+01 -6.661e+01 -7.128e+01 -6.390e+01 -6.924e+01 -6.575e+01 -5.878e+01 -6.872e+01 -7.044e+01 -5.913e+01 -6.188e+01 -6.872e+01 -7.004e+01 -6.096e+01 -6.493e+01 -6.646e+01 
 8.00 -6.933e+01 -5.563e+01 -7.035e+01 -6.675e+01 -6.814e+01 -6.944e+01 -6.423e+01 -7.184e+01 -6.627e+01 -6.802e+01 -6.536e+01 -6.709e+01 -5.814e+01 -6.772e+01 -5.887e+01 -6.819e+01 -7.125e+01 -6.653e+01 -6.587e+01 -5.804e+01 -6.729e+01 -6.225e+01 -6.468e+01 -6.129e+01 -6.020e+01 -6.844e+01 -6.337e+01 -6.946e+01 -6.325e+01 -7.416e+01 -6.944e+01 -6.755e+01 -7.163e+01 -7.283e+01 -6.704e+01 -6.716e+01 -7.185e+01 -6.423e+01 -6.990e+01 -6.606e+01 -5.929e+01 -6.930e+01 -7.098e+01 -5.965e+01 -6.237e+01 -6.927e+01 -7.053e+01 -6.152e+01 -6.538e+01 -6.700e+01 
