 1.50  3.106e+01  4.613e+01  4.304e+01  4.481e+01  4.825e+01  4.288e+01  2.750e+01  3.087e+01  3.693e+01  4.015e+01  4.363e+01  3.574e+01  5.400e+01  2.698e+01  2.646e+01  3.203e+01  2.847e+01  3.213e+01  3.009e+01  3.333e+01  3.387e+01  3.100e+01  3.606e+01  6.544e+01  4.020e+01  3.732e+01  2.992e+01  3.046e+01  4.986e+01  3.606e+01  4.495e+01  2.823e+01  1.984e+01  4.396e+01  3.303e+01  2.934e+01  2.841e+01  3.350e+01  2.884e+01  4.366e+01  2.089e+01  4.126e+01  3.034e+01  2.641e+01  2.619e+01  3.847e+01  5.012e+01  2.192e+01  3.465e+01  4.352e+01 
 1.75  3.745e+01  5.539e+01  5.042e+01  5.222e+01  5.907e+01  5.344e+01  3.447e+01  3.783e+01  4.570e+01  4.563e+01  4.724e+01  4.277e+01  5.839e+01  3.349e+01  3.226e+01  3.901e+01  3.694e+01  4.025e+01  3.709e+01  4.094e+01  4.154e+01  3.663e+01  4.356e+01  7.052e+01  4.624e+01  4.230e+01  3.672e+01  3.429e+01  5.550e+01  4.731e+01  5.479e+01  3.233e+01  2.675e+01  4.935e+01  3.886e+01  3.509e+01  3.573e+01  4.247e+01  3.532e+01  5.173e+01  2.487e+01  4.925e+01  3.905e+01  3.082e+01  3.293e+01  4.513e+01  5.604e+01  2.753e+01  4.188e+01  5.106e+01 
 2.00  4.550e+01  6.510e+01  5.954e+01  6.049e+01  7.098e+01  6.533e+01  4.307e+01  4.671e+01  5.554e+01  5.230e+01  5.239e+01  5.159e+01  6.362e+01  4.151e+01  3.900e+01  4.761e+01  4.704e+01  5.036e+01  4.526e+01  4.944e+01  5.085e+01  4.338e+01  5.255e+01  7.699e+01  5.322e+01  4.883e+01  4.438e+01  3.960e+01  6.246e+01  6.058e+01  6.629e+01  3.775e+01  3.526e+01  5.634e+01  4.594e+01  4.242e+01  4.451e+01  5.268e+01  4.289e+01  6.164e+01  3.008e+01  5.820e+01  4.933e+01  3.627e+01  4.059e+01  5.336e+01  6.404e+01  3.399e+01  5.029e+01  5.961e+01 
 2.25  5.534e+01  7.535e+01  7.054e+01  6.979e+01  8.416e+01  7.874e+01  5.328e+01  5.762e+01  6.663e+01  6.039e+01  5.930e+01  6.224e+01  6.977e+01  5.115e+01  4.676e+01  5.791e+01  5.897e+01  6.241e+01  5.474e+01  5.888e+01  6.186e+01  5.135e+01  6.306e+01  8.497e+01  6.120e+01  5.709e+01  5.305e+01  4.669e+01  7.085e+01  7.603e+01  7.952e+01  4.474e+01  4.561e+01  6.525e+01  5.442e+01  5.145e+01  5.503e+01  6.423e+01  5.181e+01  7.341e+01  3.654e+01  6.833e+01  6.133e+01  4.282e+01  4.933e+01  6.330e+01  7.432e+01  4.144e+01  6.000e+01  6.932e+01 
 2.50  6.710e+01  8.622e+01  8.357e+01  8.032e+01  9.877e+01  9.384e+01  6.511e+01  7.072e+01  7.909e+01  7.014e+01  6.810e+01  7.476e+01  7.692e+01  6.253e+01  5.562e+01  7.006e+01  7.288e+01  7.637e+01  6.569e+01  6.935e+01  7.465e+01  6.061e+01  7.516e+01  9.451e+01  7.028e+01  6.726e+01  6.288e+01  5.580e+01  8.075e+01  9.380e+01  9.460e+01  5.353e+01  5.803e+01  7.636e+01  6.449e+01  6.226e+01  6.758e+01  7.721e+01  6.237e+01  8.704e+01  4.432e+01  7.988e+01  7.524e+01  5.057e+01  5.925e+01  7.510e+01  8.697e+01  5.002e+01  7.116e+01  8.034e+01 
 2.75  8.094e+01  9.776e+01  9.878e+01  9.229e+01  1.150e+02  1.108e+02  7.861e+01  8.616e+01  9.309e+01  8.179e+01  7.891e+01  8.920e+01  8.515e+01  7.578e+01  6.567e+01  8.416e+01  8.896e+01  9.224e+01  7.826e+01  8.090e+01  8.929e+01  7.128e+01  8.888e+01  1.057e+02  8.052e+01  7.949e+01  7.403e+01  6.715e+01  9.223e+01  1.140e+02  1.116e+02  6.433e+01  7.274e+01  8.997e+01  7.632e+01  7.498e+01  8.240e+01  9.170e+01  7.483e+01  1.026e+02  5.344e+01  9.309e+01  9.123e+01  5.959e+01  7.048e+01  8.890e+01  1.021e+02  5.987e+01  8.391e+01  9.285e+01 
 3.00  9.701e+01  1.100e+02  1.163e+02  1.059e+02  1.329e+02  1.298e+02  9.381e+01  1.041e+02  1.088e+02  9.556e+01  9.179e+01  1.056e+02  9.456e+01  9.105e+01  7.701e+01  1.004e+02  1.074e+02  1.101e+02  9.258e+01  9.359e+01  1.059e+02  8.345e+01  1.043e+02  1.185e+02  9.202e+01  9.394e+01  8.665e+01  8.091e+01  1.054e+02  1.369e+02  1.307e+02  7.731e+01  8.995e+01  1.063e+02  9.007e+01  8.972e+01  9.977e+01  1.078e+02  8.946e+01  1.200e+02  6.398e+01  1.082e+02  1.095e+02  6.998e+01  8.315e+01  1.049e+02  1.198e+02  7.112e+01  9.840e+01  1.071e+02 
 3.25  1.155e+02  1.231e+02  1.364e+02  1.214e+02  1.528e+02  1.509e+02  1.108e+02  1.247e+02  1.263e+02  1.117e+02  1.068e+02  1.242e+02  1.052e+02  1.085e+02  8.970e+01  1.188e+02  1.284e+02  1.299e+02  1.088e+02  1.075e+02  1.245e+02  9.723e+01  1.215e+02  1.330e+02  1.049e+02  1.108e+02  1.009e+02  9.727e+01  1.202e+02  1.626e+02  1.520e+02  9.267e+01  1.099e+02  1.256e+02  1.059e+02  1.066e+02  1.199e+02  1.256e+02  1.065e+02  1.393e+02  7.600e+01  1.255e+02  1.302e+02  8.183e+01  9.735e+01  1.232e+02  1.401e+02  8.390e+01  1.148e+02  1.231e+02 
 3.50  1.365e+02  1.371e+02  1.591e+02  1.391e+02  1.748e+02  1.744e+02  1.296e+02  1.482e+02  1.458e+02  1.303e+02  1.241e+02  1.448e+02  1.173e+02  1.282e+02  1.038e+02  1.396e+02  1.521e+02  1.518e+02  1.271e+02  1.226e+02  1.453e+02  1.127e+02  1.405e+02  1.491e+02  1.192e+02  1.301e+02  1.169e+02  1.164e+02  1.369e+02  1.913e+02  1.756e+02  1.106e+02  1.328e+02  1.482e+02  1.241e+02  1.258e+02  1.430e+02  1.451e+02  1.262e+02  1.607e+02  8.959e+01  1.451e+02  1.535e+02  9.523e+01  1.132e+02  1.440e+02  1.631e+02  9.834e+01  1.332e+02  1.413e+02 
 3.75  1.602e+02  1.519e+02  1.846e+02  1.590e+02  1.989e+02  2.004e+02  1.503e+02  1.748e+02  1.673e+02  1.517e+02  1.437e+02  1.678e+02  1.308e+02  1.504e+02  1.195e+02  1.629e+02  1.787e+02  1.758e+02  1.476e+02  1.390e+02  1.684e+02  1.300e+02  1.615e+02  1.670e+02  1.350e+02  1.521e+02  1.348e+02  1.385e+02  1.555e+02  2.232e+02  2.016e+02  1.311e+02  1.588e+02  1.741e+02  1.446e+02  1.474e+02  1.693e+02  1.665e+02  1.487e+02  1.842e+02  1.048e+02  1.674e+02  1.796e+02  1.103e+02  1.309e+02  1.674e+02  1.891e+02  1.146e+02  1.537e+02  1.617e+02 
 4.00  1.868e+02  1.677e+02  2.131e+02  1.814e+02  2.254e+02  2.289e+02  1.731e+02  2.045e+02  1.912e+02  1.759e+02  1.656e+02  1.931e+02  1.458e+02  1.752e+02  1.368e+02  1.888e+02  2.083e+02  2.020e+02  1.704e+02  1.568e+02  1.939e+02  1.493e+02  1.845e+02  1.866e+02  1.525e+02  1.770e+02  1.547e+02  1.637e+02  1.761e+02  2.584e+02  2.302e+02  1.546e+02  1.882e+02  2.038e+02  1.678e+02  1.715e+02  1.991e+02  1.898e+02  1.743e+02  2.097e+02  1.218e+02  1.925e+02  2.086e+02  1.271e+02  1.504e+02  1.937e+02  2.180e+02  1.327e+02  1.765e+02  1.845e+02 
 4.25  2.165e+02  1.845e+02  2.447e+02  2.065e+02  2.544e+02  2.602e+02  1.980e+02  2.378e+02  2.174e+02  2.032e+02  1.901e+02  2.209e+02  1.625e+02  2.028e+02  1.558e+02  2.176e+02  2.413e+02  2.305e+02  1.958e+02  1.760e+02  2.218e+02  1.706e+02  2.096e+02  2.080e+02  1.717e+02  2.048e+02  1.768e+02  1.922e+02  1.987e+02  2.971e+02  2.614e+02  1.811e+02  2.211e+02  2.372e+02  1.937e+02  1.984e+02  2.324e+02  2.151e+02  2.033e+02  2.375e+02  1.406e+02  2.207e+02  2.409e+02  1.457e+02  1.720e+02  2.230e+02  2.500e+02  1.529e+02  2.018e+02  2.099e+02 
 4.50  2.493e+02  2.024e+02  2.796e+02  2.344e+02  2.861e+02  2.944e+02  2.250e+02  2.746e+02  2.461e+02  2.337e+02  2.172e+02  2.514e+02  1.809e+02  2.333e+02  1.765e+02  2.493e+02  2.776e+02  2.614e+02  2.237e+02  1.966e+02  2.525e+02  1.941e+02  2.369e+02  2.312e+02  1.928e+02  2.357e+02  2.013e+02  2.241e+02  2.235e+02  3.395e+02  2.955e+02  2.107e+02  2.578e+02  2.747e+02  2.225e+02  2.281e+02  2.695e+02  2.425e+02  2.357e+02  2.675e+02  1.613e+02  2.520e+02  2.765e+02  1.663e+02  1.957e+02  2.554e+02  2.853e+02  1.753e+02  2.295e+02  2.381e+02 
 4.75  2.855e+02  2.213e+02  3.179e+02  2.653e+02  3.204e+02  3.316e+02  2.543e+02  3.153e+02  2.774e+02  2.675e+02  2.470e+02  2.845e+02  2.011e+02  2.668e+02  1.991e+02  2.840e+02  3.176e+02  2.947e+02  2.544e+02  2.187e+02  2.859e+02  2.198e+02  2.666e+02  2.562e+02  2.158e+02  2.700e+02  2.281e+02  2.598e+02  2.506e+02  3.859e+02  3.325e+02  2.437e+02  2.984e+02  3.165e+02  2.545e+02  2.608e+02  3.106e+02  2.721e+02  2.718e+02  2.999e+02  1.840e+02  2.869e+02  3.156e+02  1.890e+02  2.216e+02  2.911e+02  3.239e+02  2.000e+02  2.599e+02  2.693e+02 
 5.00  3.252e+02  2.414e+02  3.598e+02  2.994e+02  3.577e+02  3.719e+02  2.861e+02  3.600e+02  3.115e+02  3.047e+02  2.797e+02  3.205e+02  2.232e+02  3.036e+02  2.236e+02  3.220e+02  3.614e+02  3.306e+02  2.880e+02  2.424e+02  3.221e+02  2.479e+02  2.986e+02  2.831e+02  2.409e+02  3.077e+02  2.575e+02  2.993e+02  2.800e+02  4.363e+02  3.726e+02  2.801e+02  3.431e+02  3.627e+02  2.896e+02  2.966e+02  3.558e+02  3.039e+02  3.117e+02  3.346e+02  2.088e+02  3.253e+02  3.584e+02  2.137e+02  2.499e+02  3.303e+02  3.661e+02  2.270e+02  2.930e+02  3.036e+02 
 5.25  3.686e+02  2.628e+02  4.053e+02  3.368e+02  3.980e+02  4.155e+02  3.203e+02  4.088e+02  3.485e+02  3.456e+02  3.153e+02  3.595e+02  2.473e+02  3.437e+02  2.501e+02  3.633e+02  4.091e+02  3.690e+02  3.246e+02  2.676e+02  3.614e+02  2.784e+02  3.331e+02  3.119e+02  2.680e+02  3.491e+02  2.896e+02  3.428e+02  3.118e+02  4.909e+02  4.159e+02  3.202e+02  3.921e+02  4.136e+02  3.281e+02  3.357e+02  4.053e+02  3.380e+02  3.558e+02  3.719e+02  2.358e+02  3.675e+02  4.052e+02  2.408e+02  2.807e+02  3.732e+02  4.119e+02  2.566e+02  3.290e+02  3.411e+02 
 5.50  4.159e+02  2.853e+02  4.548e+02  3.776e+02  4.413e+02  4.624e+02  3.570e+02  4.621e+02  3.885e+02  3.901e+02  3.540e+02  4.016e+02  2.735e+02  3.874e+02  2.786e+02  4.080e+02  4.609e+02  4.102e+02  3.643e+02  2.944e+02  4.038e+02  3.116e+02  3.702e+02  3.427e+02  2.974e+02  3.942e+02  3.246e+02  3.905e+02  3.461e+02  5.500e+02  4.625e+02  3.640e+02  4.456e+02  4.694e+02  3.701e+02  3.782e+02  4.592e+02  3.746e+02  4.041e+02  4.118e+02  2.651e+02  4.137e+02  4.559e+02  2.701e+02  3.140e+02  4.198e+02  4.616e+02  2.888e+02  3.679e+02  3.820e+02 
 5.75  4.671e+02  3.092e+02  5.081e+02  4.220e+02  4.879e+02  5.128e+02  3.965e+02  5.199e+02  4.316e+02  4.385e+02  3.959e+02  4.468e+02  3.017e+02  4.347e+02  3.092e+02  4.564e+02  5.171e+02  4.542e+02  4.073e+02  3.229e+02  4.495e+02  3.474e+02  4.101e+02  3.755e+02  3.291e+02  4.432e+02  3.624e+02  4.426e+02  3.831e+02  6.138e+02  5.125e+02  4.118e+02  5.037e+02  5.303e+02  4.158e+02  4.242e+02  5.178e+02  4.136e+02  4.569e+02  4.543e+02  2.967e+02  4.640e+02  5.109e+02  3.019e+02  3.500e+02  4.704e+02  5.152e+02  3.238e+02  4.099e+02  4.266e+02 
 6.00  5.225e+02  3.344e+02  5.656e+02  4.701e+02  5.379e+02  5.667e+02  4.387e+02  5.825e+02  4.780e+02  4.909e+02  4.412e+02  4.954e+02  3.322e+02  4.858e+02  3.419e+02  5.084e+02  5.776e+02  5.011e+02  4.536e+02  3.532e+02  4.986e+02  3.860e+02  4.527e+02  4.105e+02  3.631e+02  4.963e+02  4.032e+02  4.992e+02  4.227e+02  6.823e+02  5.661e+02  4.636e+02  5.667e+02  5.964e+02  4.652e+02  4.740e+02  5.812e+02  4.551e+02  5.143e+02  4.995e+02  3.308e+02  5.187e+02  5.703e+02  3.363e+02  3.888e+02  5.251e+02  5.729e+02  3.616e+02  4.549e+02  4.748e+02 
 6.25  5.821e+02  3.610e+02  6.274e+02  5.219e+02  5.913e+02  6.243e+02  4.838e+02  6.500e+02  5.277e+02  5.472e+02  4.898e+02  5.474e+02  3.650e+02  5.409e+02  3.769e+02  5.643e+02  6.428e+02  5.509e+02  5.035e+02  3.851e+02  5.511e+02  4.276e+02  4.982e+02  4.475e+02  3.997e+02  5.536e+02  4.472e+02  5.607e+02  4.651e+02  7.558e+02  6.234e+02  5.196e+02  6.346e+02  6.679e+02  5.187e+02  5.275e+02  6.494e+02  4.993e+02  5.766e+02  5.475e+02  3.674e+02  5.778e+02  6.343e+02  3.733e+02  4.306e+02  5.841e+02  6.348e+02  4.024e+02  5.032e+02  5.270e+02 
 6.50  6.462e+02  3.890e+02  6.935e+02  5.777e+02  6.482e+02  6.857e+02  5.318e+02  7.226e+02  5.808e+02  6.078e+02  5.420e+02  6.029e+02  4.001e+02  6.001e+02  4.141e+02  6.241e+02  7.126e+02  6.038e+02  5.569e+02  4.189e+02  6.073e+02  4.721e+02  5.467e+02  4.868e+02  4.388e+02  6.153e+02  4.945e+02  6.270e+02  5.104e+02  8.345e+02  6.845e+02  5.800e+02  7.077e+02  7.451e+02  5.762e+02  5.850e+02  7.227e+02  5.461e+02  6.438e+02  5.984e+02  4.066e+02  6.415e+02  7.030e+02  4.130e+02  4.753e+02  6.475e+02  7.011e+02  4.463e+02  5.548e+02  5.832e+02 
 6.75  7.148e+02  4.185e+02  7.640e+02  6.375e+02  7.087e+02  7.509e+02  5.829e+02  8.005e+02  6.375e+02  6.725e+02  5.979e+02  6.622e+02  4.376e+02  6.634e+02  4.536e+02  6.880e+02  7.874e+02  6.598e+02  6.141e+02  4.545e+02  6.672e+02  5.197e+02  5.984e+02  5.283e+02  4.806e+02  6.815e+02  5.451e+02  6.984e+02  5.587e+02  9.184e+02  7.496e+02  6.447e+02  7.861e+02  8.281e+02  6.379e+02  6.466e+02  8.012e+02  5.958e+02  7.162e+02  6.523e+02  4.486e+02  7.101e+02  7.766e+02  4.555e+02  5.231e+02  7.154e+02  7.719e+02  4.934e+02  6.097e+02  6.435e+02 
 7.00  7.882e+02  4.494e+02  8.392e+02  7.015e+02  7.730e+02  8.200e+02  6.371e+02  8.839e+02  6.979e+02  7.416e+02  6.576e+02  7.252e+02  4.777e+02  7.311e+02  4.955e+02  7.560e+02  8.673e+02  7.191e+02  6.752e+02  4.919e+02  7.309e+02  5.705e+02  6.532e+02  5.721e+02  5.252e+02  7.523e+02  5.991e+02  7.752e+02  6.100e+02  1.008e+03  8.186e+02  7.141e+02  8.699e+02  9.171e+02  7.040e+02  7.124e+02  8.850e+02  6.482e+02  7.940e+02  7.092e+02  4.933e+02  7.836e+02  8.553e+02  5.009e+02  5.741e+02  7.880e+02  8.473e+02  5.437e+02  6.681e+02  7.082e+02 
 7.25  8.664e+02  4.820e+02  9.190e+02  7.697e+02  8.412e+02  8.931e+02  6.946e+02  9.729e+02  7.621e+02  8.152e+02  7.212e+02  7.921e+02  5.203e+02  8.033e+02  5.398e+02  8.283e+02  9.523e+02  7.817e+02  7.401e+02  5.312e+02  7.986e+02  6.246e+02  7.113e+02  6.183e+02  5.726e+02  8.279e+02  6.567e+02  8.573e+02  6.644e+02  1.103e+03  8.918e+02  7.882e+02  9.594e+02  1.012e+03  7.746e+02  7.825e+02  9.743e+02  7.035e+02  8.774e+02  7.691e+02  5.408e+02  8.622e+02  9.393e+02  5.494e+02  6.284e+02  8.655e+02  9.275e+02  5.975e+02  7.300e+02  7.773e+02 
 7.50  9.496e+02  5.161e+02  1.004e+03  8.422e+02  9.132e+02  9.704e+02  7.555e+02  1.068e+03  8.301e+02  8.932e+02  7.888e+02  8.629e+02  5.655e+02  8.801e+02  5.865e+02  9.050e+02  1.043e+03  8.477e+02  8.092e+02  5.725e+02  8.704e+02  6.821e+02  7.729e+02  6.669e+02  6.229e+02  9.084e+02  7.180e+02  9.451e+02  7.220e+02  1.204e+03  9.693e+02  8.671e+02  1.055e+03  1.114e+03  8.498e+02  8.571e+02  1.069e+03  7.618e+02  9.664e+02  8.323e+02  5.913e+02  9.460e+02  1.029e+03  6.009e+02  6.862e+02  9.480e+02  1.013e+03  6.548e+02  7.954e+02  8.510e+02 
 7.75  1.038e+03  5.518e+02  1.093e+03  9.191e+02  9.892e+02  1.052e+03  8.197e+02  1.168e+03  9.020e+02  9.758e+02  8.605e+02  9.379e+02  6.134e+02  9.616e+02  6.358e+02  9.861e+02  1.139e+03  9.171e+02  8.823e+02  6.157e+02  9.464e+02  7.430e+02  8.379e+02  7.180e+02  6.762e+02  9.939e+02  7.830e+02  1.039e+03  7.829e+02  1.311e+03  1.051e+03  9.509e+02  1.156e+03  1.222e+03  9.297e+02  9.363e+02  1.170e+03  8.231e+02  1.061e+03  8.987e+02  6.448e+02  1.035e+03  1.123e+03  6.556e+02  7.474e+02  1.036e+03  1.103e+03  7.156e+02  8.645e+02  9.295e+02 
 8.00  1.131e+03  5.893e+02  1.188e+03  1.001e+03  1.069e+03  1.137e+03  8.875e+02  1.275e+03  9.780e+02  1.063e+03  9.364e+02  1.017e+03  6.641e+02  1.048e+03  6.875e+02  1.072e+03  1.240e+03  9.901e+02  9.597e+02  6.609e+02  1.027e+03  8.076e+02  9.065e+02  7.716e+02  7.325e+02  1.085e+03  8.518e+02  1.138e+03  8.472e+02  1.424e+03  1.137e+03  1.040e+03  1.263e+03  1.337e+03  1.015e+03  1.020e+03  1.276e+03  8.875e+02  1.162e+03  9.683e+02  7.014e+02  1.130e+03  1.224e+03  7.136e+02  8.122e+02  1.128e+03  1.198e+03  7.802e+02  9.373e+02  1.013e+03 
