  0 0
  1 0
  2 0
  3 0
  4 0
  5 0
  6 0
  7 0
  8 0
  9 0
 10 0
 11 0
 12 0
 13 0
 14 0
 15 0
 16 0
 17 0
 18 0
 19 0
 20 0
 21 0
 22 0
 23 0
 24 0
 25 0
 26 1
 27 0
 28 0
 29 0
 30 0
 31 0
 32 0
 33 2
 34 0
 35 0
 36 0
 37 0
 38 0
 39 2
 40 0
 41 1
 42 3
 43 0
 44 1
 45 0
 46 1
 47 0
 48 3
 49 0
 50 0
 51 1
 52 0
 53 3
 54 0
 55 2
 56 0
 57 4
 58 7
 59 0
 60 3
 61 0
 62 3
 63 0
 64 7
 65 0
 66 0
 67 5
 68 0
 69 2
 70 0
 71 9
 72 0
 73 6
 74 0
 75 5
 76 5
 77 0
 78 4
 79 0
 80 6
 81 0
 82 3
 83 1
 84 0
 85 1
 86 0
 87 2
 88 0
 89 3
 90 0
 91 1
 92 2
 93 0
 94 1
 95 0
 96 0
 97 0
 98 0
 99 0
