    26.85450000     36.63690000     40.55090000     42.68070000     44.02390000     44.94920000 
    73.14550000     36.63690000     40.55090000     42.68070000     44.02390000     44.94920000 
    50.00000000     76.72610000     40.55090000     42.68070000     44.02390000     44.94920000 
    50.00000000     50.00000000     78.34730000     42.68070000     44.02390000     44.94920000 
    50.00000000     50.00000000     50.00000000     79.27700000     44.02390000     44.94920000 
    50.00000000     50.00000000     50.00000000     50.00000000     79.88070000     44.94920000 
    50.00000000     50.00000000     50.00000000     50.00000000     50.00000000     80.30460000 
    50.00000000     20.72300000     29.29800000     33.96430000     36.90690000     38.93430000 
    24.64540000     64.63850000     29.29800000     33.96430000     36.90690000     38.93430000 
    75.35460000     64.63850000     29.29800000     33.96430000     36.90690000     38.93430000 
    24.64540000     35.36150000     70.70200000     33.96430000     36.90690000     38.93430000 
    75.35460000     35.36150000     70.70200000     33.96430000     36.90690000     38.93430000 
    50.00000000     79.27700000     70.70200000     33.96430000     36.90690000     38.93430000 
    24.64540000     35.36150000     39.64900000     74.05350000     36.90690000     38.93430000 
    75.35460000     35.36150000     39.64900000     74.05350000     36.90690000     38.93430000 
    50.00000000     79.27700000     39.64900000     74.05350000     36.90690000     38.93430000 
    50.00000000     50.00000000     81.05300000     74.05350000     36.90690000     38.93430000 
    24.64540000     35.36150000     39.64900000     41.98220000     76.18610000     38.93430000 
    75.35460000     35.36150000     39.64900000     41.98220000     76.18610000     38.93430000 
    50.00000000     79.27700000     39.64900000     41.98220000     76.18610000     38.93430000 
    50.00000000     50.00000000     81.05300000     41.98220000     76.18610000     38.93430000 
    50.00000000     50.00000000     50.00000000     82.07130000     76.18610000     38.93430000 
    24.64540000     35.36150000     39.64900000     41.98220000     43.45350000     77.66420000 
    75.35460000     35.36150000     39.64900000     41.98220000     43.45350000     77.66420000 
    50.00000000     79.27700000     39.64900000     41.98220000     43.45350000     77.66420000 
    50.00000000     50.00000000     81.05300000     41.98220000     43.45350000     77.66420000 
    50.00000000     50.00000000     50.00000000     82.07130000     43.45350000     77.66420000 
    50.00000000     50.00000000     50.00000000     50.00000000     82.73270000     77.66420000 
