obs0  66.778613  3.0 0.0
obs1  75.759786  3.0 0.0
obs2  68.047840  3.0 0.0
obs3  52.369113  3.0 0.0
obs4  0.880942  3.0 0.0
obs5  40.429648  3.0 0.0
obs6  162.789658  3.0 0.0
obs7  108.811925  3.0 0.0
obs8  -44.491886  3.0 0.0
obs9  155.898326  3.0 0.0
obs10  93.937156  3.0 0.0
obs11  19.548465  3.0 0.0
obs12  2.543946  3.0 0.0
obs13  -113.850135  3.0 0.0
obs14  32.781333  3.0 0.0
obs15  221.547952  3.0 0.0
obs16  17.323562  3.0 0.0
obs17  -76.877077  3.0 0.0
obs18  -64.768235  3.0 0.0
obs19  56.632235  3.0 0.0
obs20  -117.859169  3.0 0.0
obs21  84.580192  3.0 0.0
obs22  65.853917  3.0 0.0
obs23  194.005981  3.0 0.0
obs24  -89.404164  3.0 0.0
obs25  -47.864051  3.0 0.0
obs26  63.655220  3.0 0.0
obs27  1.452076  3.0 0.0
obs28  15.417332  3.0 0.0
obs29  -111.831649  3.0 0.0
obs30  25.525803  3.0 0.0
obs31  19.800682  3.0 0.0
obs32  -53.695425  3.0 0.0
obs33  60.338983  3.0 0.0
obs34  3.791298  3.0 0.0
obs35  -184.648326  3.0 0.0
obs36  -107.725862  3.0 0.0
obs37  -85.457169  3.0 0.0
obs38  52.466866  3.0 0.0
obs39  -117.122084  3.0 0.0
obs40  125.467231  3.0 0.0
obs41  -111.687600  3.0 0.0
obs42  59.305709  3.0 0.0
obs43  -142.543859  3.0 0.0
obs44  -68.125914  3.0 0.0
obs45  -6.184778  3.0 0.0
obs46  58.573982  3.0 0.0
obs47  83.852154  3.0 0.0
obs48  38.238050  3.0 0.0
obs49  -56.973511  3.0 0.0
obs50  -56.120392  3.0 0.0
obs51  119.442203  3.0 0.0
obs52  150.908979  3.0 0.0
obs53  -127.782434  3.0 0.0
obs54  111.810905  3.0 0.0
obs55  130.235588  3.0 0.0
obs56  -65.106682  3.0 0.0
obs57  8.249435  3.0 0.0
obs58  112.094515  3.0 0.0
obs59  -97.856930  3.0 0.0
obs60  -124.467638  3.0 0.0
obs61  -79.666090  3.0 0.0
obs62  36.564532  3.0 0.0
obs63  -19.860602  3.0 0.0
obs64  63.495595  3.0 0.0
obs65  -57.713692  3.0 0.0
obs66  -25.886405  3.0 0.0
obs67  -101.639772  3.0 0.0
obs68  1.628814  3.0 0.0
obs69  -84.352237  3.0 0.0
obs70  177.338049  3.0 0.0
obs71  -57.985027  3.0 0.0
obs72  -170.968371  3.0 0.0
obs73  0.737089  3.0 0.0
obs74  -34.463634  3.0 0.0
obs75  39.730405  3.0 0.0
obs76  46.859106  3.0 0.0
obs77  91.548145  3.0 0.0
obs78  60.348453  3.0 0.0
obs79  164.101324  3.0 0.0
obs80  -47.460468  3.0 0.0
obs81  -101.192896  3.0 0.0
obs82  283.222384  3.0 0.0
obs83  -180.245559  3.0 0.0
obs84  -151.498038  3.0 0.0
obs85  77.537701  3.0 0.0
obs86  -209.402649  3.0 0.0
obs87  -32.844719  3.0 0.0
obs88  -20.844697  3.0 0.0
obs89  87.551875  3.0 0.0
obs90  -92.342912  3.0 0.0
obs91  19.644757  3.0 0.0
obs92  -58.799803  3.0 0.0
obs93  46.922660  3.0 0.0
obs94  82.973542  3.0 0.0
obs95  -52.937061  3.0 0.0
obs96  142.092576  3.0 0.0
obs97  37.602475  3.0 0.0
obs98  9.474067  3.0 0.0
obs99  -109.154388  3.0 0.0
obs100  23.448515  3.0 0.0
obs101  -50.189053  3.0 0.0
obs102  -216.941441  3.0 0.0
obs103  -32.547217  3.0 0.0
obs104  54.796059  3.0 0.0
obs105  -73.305011  3.0 0.0
obs106  24.622569  3.0 0.0
obs107  -21.401013  3.0 0.0
obs108  -142.442785  3.0 0.0
obs109  -56.731380  3.0 0.0
obs110  88.493137  3.0 0.0
obs111  -7.686976  3.0 0.0
obs112  53.136564  3.0 0.0
obs113  -33.671072  3.0 0.0
obs114  86.654854  3.0 0.0
obs115  -0.377395  3.0 0.0
obs116  46.393624  3.0 0.0
obs117  99.652673  3.0 0.0
obs118  -32.463364  3.0 0.0
obs119  25.781331  3.0 0.0
obs120  87.031300  3.0 0.0
obs121  53.260273  3.0 0.0
obs122  -36.226425  3.0 0.0
obs123  -64.910831  3.0 0.0
obs124  -38.364966  3.0 0.0
obs125  -120.678573  3.0 0.0
obs126  134.526479  3.0 0.0
obs127  8.718119  3.0 0.0
obs128  -19.668948  3.0 0.0
obs129  116.975351  3.0 0.0
obs130  104.002168  3.0 0.0
obs131  146.565789  3.0 0.0
obs132  126.045664  3.0 0.0
obs133  -47.781108  3.0 0.0
obs134  -164.105307  3.0 0.0
obs135  -12.132234  3.0 0.0
obs136  9.282161  3.0 0.0
obs137  -57.626475  3.0 0.0
obs138  84.445973  3.0 0.0
obs139  146.927047  3.0 0.0
obs140  -172.372131  3.0 0.0
obs141  -66.051681  3.0 0.0
obs142  -28.606136  3.0 0.0
obs143  178.386690  3.0 0.0
obs144  141.368294  3.0 0.0
obs145  -31.754490  3.0 0.0
obs146  -6.934736  3.0 0.0
obs147  -27.702085  3.0 0.0
obs148  -37.221632  3.0 0.0
obs149  -10.767716  3.0 0.0
obs150  -96.586906  3.0 0.0
obs151  116.505448  3.0 0.0
obs152  -39.661145  3.0 0.0
obs153  -19.193390  3.0 0.0
obs154  73.553298  3.0 0.0
obs155  -42.826710  3.0 0.0
obs156  43.146613  3.0 0.0
obs157  63.854073  3.0 0.0
obs158  171.099313  3.0 0.0
obs159  139.902925  3.0 0.0
obs160  49.802822  3.0 0.0
obs161  127.721894  3.0 0.0
obs162  -3.853268  3.0 0.0
obs163  -34.734776  3.0 0.0
obs164  102.560140  3.0 0.0
obs165  -104.600970  3.0 0.0
obs166  -65.162777  3.0 0.0
obs167  -24.134372  3.0 0.0
obs168  60.865302  3.0 0.0
obs169  77.612845  3.0 0.0
obs170  50.133855  3.0 0.0
obs171  245.966735  3.0 0.0
obs172  -60.071387  3.0 0.0
obs173  -95.316913  3.0 0.0
obs174  54.807811  3.0 0.0
obs175  -9.231973  3.0 0.0
obs176  -171.181879  3.0 0.0
obs177  101.800151  3.0 0.0
obs178  -46.952041  3.0 0.0
obs179  -63.032284  3.0 0.0
obs180  -2.421748  3.0 0.0
obs181  82.923756  3.0 0.0
obs182  117.810307  3.0 0.0
obs183  63.212606  3.0 0.0
obs184  132.443534  3.0 0.0
obs185  21.114699  3.0 0.0
obs186  151.814707  3.0 0.0
obs187  27.664311  3.0 0.0
obs188  138.266242  3.0 0.0
obs189  46.488794  3.0 0.0
obs190  26.418774  3.0 0.0
obs191  -5.232461  3.0 0.0
obs192  -26.193707  3.0 0.0
obs193  5.639402  3.0 0.0
obs194  18.973604  3.0 0.0
obs195  -1.196916  3.0 0.0
obs196  98.395470  3.0 0.0
obs197  -111.991126  3.0 0.0
obs198  162.815921  3.0 0.0
obs199  62.032531  3.0 0.0
obs200  35.510841  3.0 0.0
obs201  -72.731199  3.0 0.0
obs202  -50.938336  3.0 0.0
obs203  -40.452129  3.0 0.0
obs204  -23.294916  3.0 0.0
obs205  -148.099265  3.0 0.0
obs206  -83.030743  3.0 0.0
obs207  -46.076315  3.0 0.0
obs208  -60.437000  3.0 0.0
obs209  105.522618  3.0 0.0
obs210  -34.139798  3.0 0.0
obs211  166.376888  3.0 0.0
obs212  81.394668  3.0 0.0
obs213  59.659664  3.0 0.0
obs214  -4.502605  3.0 0.0
obs215  -167.978004  3.0 0.0
obs216  -64.139968  3.0 0.0
obs217  -120.597468  3.0 0.0
obs218  -181.059537  3.0 0.0
obs219  27.673594  3.0 0.0
obs220  20.151249  3.0 0.0
obs221  218.969508  3.0 0.0
obs222  -89.803103  3.0 0.0
obs223  27.096164  3.0 0.0
obs224  97.592410  3.0 0.0
obs225  58.137584  3.0 0.0
obs226  -170.977677  3.0 0.0
obs227  110.323020  3.0 0.0
obs228  49.255605  3.0 0.0
obs229  -27.351625  3.0 0.0
obs230  127.954492  3.0 0.0
obs231  82.764188  3.0 0.0
obs232  35.266426  3.0 0.0
obs233  -52.028480  3.0 0.0
obs234  -38.465272  3.0 0.0
obs235  94.257606  3.0 0.0
obs236  44.357251  3.0 0.0
obs237  6.531752  3.0 0.0
obs238  112.178641  3.0 0.0
obs239  34.255016  3.0 0.0
obs240  -4.541399  3.0 0.0
obs241  23.566706  3.0 0.0
obs242  -49.672191  3.0 0.0
obs243  78.173570  3.0 0.0
obs244  -15.342409  3.0 0.0
obs245  58.756163  3.0 0.0
obs246  56.660411  3.0 0.0
obs247  -27.716340  3.0 0.0
obs248  -42.388436  3.0 0.0
obs249  106.332171  3.0 0.0
obs250  100.345783  3.0 0.0
obs251  74.219729  3.0 0.0
obs252  -1.614649  3.0 0.0
obs253  -47.318110  3.0 0.0
obs254  -102.924663  3.0 0.0
obs255  223.178908  3.0 0.0
obs256  93.073985  3.0 0.0
obs257  -50.558973  3.0 0.0
obs258  44.402699  3.0 0.0
obs259  157.750596  3.0 0.0
obs260  5.860361  3.0 0.0
obs261  -20.137001  3.0 0.0
obs262  14.078666  3.0 0.0
obs263  13.188593  3.0 0.0
obs264  -52.989206  3.0 0.0
obs265  2.472521  3.0 0.0
obs266  129.981319  3.0 0.0
obs267  199.128469  3.0 0.0
obs268  -12.059014  3.0 0.0
obs269  59.817488  3.0 0.0
obs270  40.711343  3.0 0.0
obs271  -27.590904  3.0 0.0
obs272  -9.189186  3.0 0.0
obs273  -62.140434  3.0 0.0
obs274  21.243606  3.0 0.0
obs275  -53.297069  3.0 0.0
obs276  92.152165  3.0 0.0
obs277  28.839991  3.0 0.0
obs278  136.871508  3.0 0.0
obs279  215.231469  3.0 0.0
obs280  -16.746094  3.0 0.0
obs281  -109.812294  3.0 0.0
obs282  -75.837056  3.0 0.0
obs283  13.137271  3.0 0.0
obs284  50.631843  3.0 0.0
obs285  42.740423  3.0 0.0
obs286  164.622303  3.0 0.0
obs287  -28.513656  3.0 0.0
obs288  -69.873896  3.0 0.0
obs289  -149.879894  3.0 0.0
obs290  179.350024  3.0 0.0
obs291  127.717787  3.0 0.0
obs292  -74.593214  3.0 0.0
obs293  -165.411547  3.0 0.0
obs294  -48.383784  3.0 0.0
obs295  51.594505  3.0 0.0
obs296  69.304327  3.0 0.0
obs297  174.674124  3.0 0.0
obs298  130.561488  3.0 0.0
obs299  105.199947  3.0 0.0
obs300  42.168210  3.0 0.0
obs301  26.126057  3.0 0.0
obs302  14.083694  3.0 0.0
obs303  -71.314430  3.0 0.0
obs304  -2.247549  3.0 0.0
obs305  0.046664  3.0 0.0
obs306  -47.289590  3.0 0.0
obs307  31.217580  3.0 0.0
obs308  97.301356  3.0 0.0
obs309  78.113634  3.0 0.0
obs310  -78.052619  3.0 0.0
obs311  -44.781914  3.0 0.0
obs312  203.720354  3.0 0.0
obs313  -64.286782  3.0 0.0
obs314  83.827282  3.0 0.0
obs315  60.484071  3.0 0.0
obs316  30.715020  3.0 0.0
obs317  4.869934  3.0 0.0
obs318  -148.109356  3.0 0.0
obs319  -78.017193  3.0 0.0
obs320  80.123581  3.0 0.0
obs321  -21.106174  3.0 0.0
obs322  37.707200  3.0 0.0
obs323  100.416607  3.0 0.0
obs324  -4.064852  3.0 0.0
obs325  -133.591173  3.0 0.0
obs326  141.460156  3.0 0.0
obs327  -101.725105  3.0 0.0
obs328  -162.172327  3.0 0.0
obs329  85.967792  3.0 0.0
obs330  73.586585  3.0 0.0
obs331  -45.488971  3.0 0.0
obs332  -127.623053  3.0 0.0
obs333  -59.088216  3.0 0.0
obs334  -94.472542  3.0 0.0
obs335  38.005317  3.0 0.0
obs336  -72.588810  3.0 0.0
obs337  -81.300432  3.0 0.0
obs338  -80.569151  3.0 0.0
obs339  -113.839293  3.0 0.0
obs340  -162.679993  3.0 0.0
obs341  20.963399  3.0 0.0
obs342  -178.915859  3.0 0.0
obs343  63.445967  3.0 0.0
obs344  1.432064  3.0 0.0
obs345  96.349023  3.0 0.0
obs346  -176.667945  3.0 0.0
obs347  66.469327  3.0 0.0
obs348  94.618389  3.0 0.0
obs349  20.560258  3.0 0.0
obs350  51.866772  3.0 0.0
obs351  -108.792946  3.0 0.0
obs352  -136.156297  3.0 0.0
obs353  -124.036454  3.0 0.0
obs354  -154.007453  3.0 0.0
obs355  -145.960168  3.0 0.0
obs356  -139.501379  3.0 0.0
obs357  184.268173  3.0 0.0
obs358  -129.657811  3.0 0.0
obs359  9.586667  3.0 0.0
obs360  12.023752  3.0 0.0
obs361  -19.659241  3.0 0.0
obs362  -58.402726  3.0 0.0
obs363  120.181235  3.0 0.0
obs364  -230.859524  3.0 0.0
obs365  -132.483773  3.0 0.0
obs366  -24.135420  3.0 0.0
obs367  110.703461  3.0 0.0
obs368  -124.881572  3.0 0.0
obs369  -29.584251  3.0 0.0
obs370  2.904897  3.0 0.0
obs371  -41.295651  3.0 0.0
obs372  128.377419  3.0 0.0
obs373  193.149989  3.0 0.0
obs374  -4.077961  3.0 0.0
obs375  -70.415951  3.0 0.0
obs376  14.077697  3.0 0.0
obs377  -121.958859  3.0 0.0
obs378  149.672563  3.0 0.0
obs379  81.274694  3.0 0.0
obs380  46.247590  3.0 0.0
obs381  -16.730647  3.0 0.0
obs382  -25.109524  3.0 0.0
obs383  -12.303750  3.0 0.0
obs384  12.889828  3.0 0.0
obs385  35.980091  3.0 0.0
obs386  16.346075  3.0 0.0
obs387  80.648988  3.0 0.0
obs388  8.993275  3.0 0.0
obs389  292.283534  3.0 0.0
obs390  -131.023586  3.0 0.0
obs391  85.180799  3.0 0.0
obs392  5.721450  3.0 0.0
obs393  80.908753  3.0 0.0
obs394  -37.416257  3.0 0.0
obs395  79.359842  3.0 0.0
obs396  34.684022  3.0 0.0
obs397  -83.943136  3.0 0.0
obs398  65.162038  3.0 0.0
obs399  -109.952589  3.0 0.0
obs400  -12.938982  3.0 0.0
obs401  170.191435  3.0 0.0
obs402  23.335210  3.0 0.0
obs403  133.066707  3.0 0.0
obs404  -88.692586  3.0 0.0
obs405  -163.306045  3.0 0.0
obs406  -116.482004  3.0 0.0
obs407  -176.541679  3.0 0.0
obs408  9.255381  3.0 0.0
obs409  -29.128033  3.0 0.0
obs410  -31.481929  3.0 0.0
obs411  79.292706  3.0 0.0
obs412  24.198624  3.0 0.0
obs413  -94.825141  3.0 0.0
obs414  -146.172009  3.0 0.0
obs415  -187.979509  3.0 0.0
obs416  116.530781  3.0 0.0
obs417  52.124285  3.0 0.0
obs418  -134.012433  3.0 0.0
obs419  -31.594773  3.0 0.0
obs420  276.681830  3.0 0.0
obs421  22.474844  3.0 0.0
obs422  -36.273524  3.0 0.0
obs423  126.554784  3.0 0.0
obs424  -39.076474  3.0 0.0
obs425  90.885309  3.0 0.0
obs426  52.300894  3.0 0.0
obs427  31.466849  3.0 0.0
obs428  38.937188  3.0 0.0
obs429  99.540665  3.0 0.0
obs430  -191.823594  3.0 0.0
obs431  -15.886920  3.0 0.0
obs432  -36.821148  3.0 0.0
obs433  111.222722  3.0 0.0
obs434  78.207613  3.0 0.0
obs435  82.861873  3.0 0.0
obs436  6.636282  3.0 0.0
obs437  -86.580510  3.0 0.0
obs438  -109.430370  3.0 0.0
obs439  82.691404  3.0 0.0
obs440  -156.495556  3.0 0.0
obs441  20.546507  3.0 0.0
obs442  91.560151  3.0 0.0
obs443  -136.992910  3.0 0.0
obs444  8.063321  3.0 0.0
obs445  -46.433830  3.0 0.0
obs446  45.985850  3.0 0.0
obs447  -72.202966  3.0 0.0
obs448  53.507517  3.0 0.0
obs449  -51.135503  3.0 0.0
obs450  97.460850  3.0 0.0
obs451  -41.144881  3.0 0.0
obs452  -87.741787  3.0 0.0
obs453  82.951448  3.0 0.0
obs454  99.044921  3.0 0.0
obs455  43.531259  3.0 0.0
obs456  -32.085991  3.0 0.0
obs457  -23.031873  3.0 0.0
obs458  28.707679  3.0 0.0
obs459  -118.011576  3.0 0.0
obs460  -75.923627  3.0 0.0
obs461  50.743487  3.0 0.0
obs462  -24.891821  3.0 0.0
obs463  -70.681401  3.0 0.0
obs464  -5.117944  3.0 0.0
obs465  78.209540  3.0 0.0
obs466  -50.792772  3.0 0.0
obs467  -83.445995  3.0 0.0
obs468  -138.110097  3.0 0.0
obs469  19.707479  3.0 0.0
obs470  -64.721168  3.0 0.0
obs471  -72.468882  3.0 0.0
obs472  -136.232903  3.0 0.0
obs473  -121.846229  3.0 0.0
obs474  -55.862112  3.0 0.0
obs475  -59.767558  3.0 0.0
obs476  -31.434501  3.0 0.0
obs477  -78.266135  3.0 0.0
obs478  -34.748786  3.0 0.0
obs479  57.638590  3.0 0.0
obs480  -380.913301  3.0 0.0
obs481  4.037627  3.0 0.0
obs482  34.301408  3.0 0.0
obs483  45.146934  3.0 0.0
obs484  -156.628919  3.0 0.0
obs485  73.706630  3.0 0.0
obs486  114.613151  3.0 0.0
obs487  -161.423459  3.0 0.0
obs488  23.153891  3.0 0.0
obs489  -47.394944  3.0 0.0
obs490  -204.340142  3.0 0.0
obs491  -1.695751  3.0 0.0
obs492  165.609094  3.0 0.0
obs493  56.325850  3.0 0.0
obs494  -52.595443  3.0 0.0
obs495  -11.374309  3.0 0.0
obs496  128.194942  3.0 0.0
obs497  -9.413759  3.0 0.0
obs498  11.687100  3.0 0.0
obs499  65.713532  3.0 0.0
obs500  76.707131  3.0 0.0
obs501  -54.201575  3.0 0.0
obs502  -111.166044  3.0 0.0
obs503  -126.174561  3.0 0.0
obs504  131.643762  3.0 0.0
obs505  -0.633907  3.0 0.0
obs506  134.658377  3.0 0.0
obs507  -63.795946  3.0 0.0
obs508  -22.217187  3.0 0.0
obs509  -153.036153  3.0 0.0
obs510  -5.463247  3.0 0.0
obs511  -59.127950  3.0 0.0
obs512  95.859970  3.0 0.0
obs513  -26.246270  3.0 0.0
obs514  67.977661  3.0 0.0
obs515  19.833649  3.0 0.0
obs516  1.482618  3.0 0.0
obs517  142.459541  3.0 0.0
obs518  129.130076  3.0 0.0
obs519  59.805605  3.0 0.0
obs520  3.332600  3.0 0.0
obs521  127.887283  3.0 0.0
obs522  42.512700  3.0 0.0
obs523  34.611382  3.0 0.0
obs524  -77.651862  3.0 0.0
obs525  66.054505  3.0 0.0
obs526  -241.078630  3.0 0.0
obs527  73.352966  3.0 0.0
obs528  -56.974888  3.0 0.0
obs529  -60.348741  3.0 0.0
obs530  204.415991  3.0 0.0
obs531  -126.327754  3.0 0.0
obs532  -71.200264  3.0 0.0
obs533  146.296549  3.0 0.0
obs534  -63.976683  3.0 0.0
obs535  43.023432  3.0 0.0
obs536  -73.812176  3.0 0.0
obs537  -0.880415  3.0 0.0
obs538  -79.626141  3.0 0.0
obs539  -21.904157  3.0 0.0
obs540  -91.102643  3.0 0.0
obs541  -245.094202  3.0 0.0
obs542  22.206311  3.0 0.0
obs543  48.817427  3.0 0.0
obs544  70.864055  3.0 0.0
obs545  -131.516265  3.0 0.0
obs546  -11.492846  3.0 0.0
obs547  108.224047  3.0 0.0
obs548  126.687523  3.0 0.0
obs549  136.861888  3.0 0.0
obs550  49.945235  3.0 0.0
obs551  0.101190  3.0 0.0
obs552  73.172049  3.0 0.0
obs553  83.935819  3.0 0.0
obs554  -100.962415  3.0 0.0
obs555  -206.831594  3.0 0.0
obs556  -17.176366  3.0 0.0
obs557  180.067287  3.0 0.0
obs558  -1.313228  3.0 0.0
obs559  -126.174298  3.0 0.0
obs560  -68.725086  3.0 0.0
obs561  107.816704  3.0 0.0
obs562  33.024156  3.0 0.0
obs563  114.776594  3.0 0.0
obs564  170.998478  3.0 0.0
obs565  -78.449167  3.0 0.0
obs566  -42.328317  3.0 0.0
obs567  95.517794  3.0 0.0
obs568  -188.817663  3.0 0.0
obs569  38.208360  3.0 0.0
obs570  43.063519  3.0 0.0
obs571  111.107988  3.0 0.0
obs572  6.186740  3.0 0.0
obs573  -99.007962  3.0 0.0
obs574  -152.398442  3.0 0.0
obs575  -32.313604  3.0 0.0
obs576  168.277272  3.0 0.0
obs577  171.188999  3.0 0.0
obs578  -131.877965  3.0 0.0
obs579  10.543486  3.0 0.0
obs580  -9.244231  3.0 0.0
obs581  44.812363  3.0 0.0
obs582  75.189169  3.0 0.0
obs583  -26.608160  3.0 0.0
obs584  -22.346016  3.0 0.0
obs585  -17.969614  3.0 0.0
obs586  225.366757  3.0 0.0
obs587  -12.482332  3.0 0.0
obs588  59.400338  3.0 0.0
obs589  188.494384  3.0 0.0
obs590  244.583731  3.0 0.0
obs591  249.268827  3.0 0.0
obs592  -146.158142  3.0 0.0
obs593  -61.164415  3.0 0.0
obs594  -183.436135  3.0 0.0
obs595  -16.688563  3.0 0.0
obs596  -71.147167  3.0 0.0
obs597  -81.631468  3.0 0.0
obs598  109.301193  3.0 0.0
obs599  110.365328  3.0 0.0
obs600  73.186784  3.0 0.0
obs601  -105.326016  3.0 0.0
obs602  160.761631  3.0 0.0
obs603  168.153895  3.0 0.0
obs604  25.697843  3.0 0.0
obs605  6.219236  3.0 0.0
obs606  -44.272922  3.0 0.0
obs607  -25.895319  3.0 0.0
obs608  -125.180028  3.0 0.0
obs609  -18.377197  3.0 0.0
obs610  -113.964021  3.0 0.0
obs611  -61.749821  3.0 0.0
obs612  141.380852  3.0 0.0
obs613  -51.266959  3.0 0.0
obs614  258.749641  3.0 0.0
obs615  203.007192  3.0 0.0
obs616  -63.270909  3.0 0.0
obs617  31.794430  3.0 0.0
obs618  74.710024  3.0 0.0
obs619  -94.662031  3.0 0.0
obs620  -10.790405  3.0 0.0
obs621  -19.821858  3.0 0.0
obs622  -179.255488  3.0 0.0
obs623  -66.600347  3.0 0.0
obs624  140.843587  3.0 0.0
obs625  93.338795  3.0 0.0
obs626  -75.162148  3.0 0.0
obs627  47.517179  3.0 0.0
obs628  -23.141917  3.0 0.0
obs629  85.862821  3.0 0.0
obs630  -139.426716  3.0 0.0
obs631  -11.683746  3.0 0.0
obs632  49.916755  3.0 0.0
obs633  106.740368  3.0 0.0
obs634  -187.521109  3.0 0.0
obs635  -167.449594  3.0 0.0
obs636  -41.246449  3.0 0.0
obs637  -57.670933  3.0 0.0
obs638  -67.573670  3.0 0.0
obs639  116.715774  3.0 0.0
obs640  41.856023  3.0 0.0
obs641  -4.019852  3.0 0.0
obs642  -85.890331  3.0 0.0
obs643  -43.892127  3.0 0.0
obs644  -24.754753  3.0 0.0
obs645  -150.957609  3.0 0.0
obs646  -120.039378  3.0 0.0
obs647  19.082949  3.0 0.0
obs648  -83.005347  3.0 0.0
obs649  -103.537223  3.0 0.0
obs650  -44.170091  3.0 0.0
obs651  41.290670  3.0 0.0
obs652  144.203359  3.0 0.0
obs653  -3.264075  3.0 0.0
obs654  72.178285  3.0 0.0
obs655  165.991220  3.0 0.0
obs656  -40.347858  3.0 0.0
obs657  -222.897079  3.0 0.0
obs658  -150.168766  3.0 0.0
obs659  -45.263586  3.0 0.0
obs660  -61.091100  3.0 0.0
obs661  38.862673  3.0 0.0
obs662  -17.661695  3.0 0.0
obs663  31.329145  3.0 0.0
obs664  -31.474131  3.0 0.0
obs665  2.632438  3.0 0.0
obs666  73.268513  3.0 0.0
obs667  135.895662  3.0 0.0
obs668  -3.658240  3.0 0.0
obs669  -37.935362  3.0 0.0
obs670  -44.536326  3.0 0.0
obs671  53.885237  3.0 0.0
obs672  -115.933097  3.0 0.0
obs673  14.675134  3.0 0.0
obs674  59.674136  3.0 0.0
obs675  -41.793479  3.0 0.0
obs676  -24.662185  3.0 0.0
obs677  -70.494061  3.0 0.0
obs678  7.775141  3.0 0.0
obs679  45.053391  3.0 0.0
obs680  52.205639  3.0 0.0
obs681  -107.279911  3.0 0.0
obs682  -28.887058  3.0 0.0
obs683  101.475316  3.0 0.0
obs684  154.753164  3.0 0.0
obs685  -213.319882  3.0 0.0
obs686  20.886506  3.0 0.0
obs687  60.997724  3.0 0.0
obs688  -169.300735  3.0 0.0
obs689  67.224272  3.0 0.0
obs690  -40.351572  3.0 0.0
obs691  112.133354  3.0 0.0
obs692  -2.682243  3.0 0.0
obs693  -129.737986  3.0 0.0
obs694  -132.390443  3.0 0.0
obs695  -9.235649  3.0 0.0
obs696  29.800946  3.0 0.0
obs697  -87.340271  3.0 0.0
obs698  -92.417350  3.0 0.0
obs699  -119.234274  3.0 0.0
obs700  -19.989334  3.0 0.0
obs701  49.073866  3.0 0.0
obs702  156.810134  3.0 0.0
obs703  83.134741  3.0 0.0
obs704  -163.765044  3.0 0.0
obs705  -224.057057  3.0 0.0
obs706  -155.043948  3.0 0.0
obs707  40.743677  3.0 0.0
obs708  170.845288  3.0 0.0
obs709  -45.431589  3.0 0.0
obs710  56.035613  3.0 0.0
obs711  -32.874122  3.0 0.0
obs712  154.790191  3.0 0.0
obs713  28.186980  3.0 0.0
obs714  20.897776  3.0 0.0
obs715  -100.591251  3.0 0.0
obs716  -151.731778  3.0 0.0
obs717  -100.724230  3.0 0.0
obs718  -73.402796  3.0 0.0
obs719  54.000819  3.0 0.0
obs720  64.202531  3.0 0.0
obs721  46.586384  3.0 0.0
obs722  -131.424320  3.0 0.0
obs723  -134.225446  3.0 0.0
obs724  -96.125610  3.0 0.0
obs725  18.046760  3.0 0.0
obs726  118.755499  3.0 0.0
obs727  -91.565207  3.0 0.0
obs728  -205.569171  3.0 0.0
obs729  4.464839  3.0 0.0
obs730  -62.813738  3.0 0.0
obs731  133.973233  3.0 0.0
obs732  -15.388623  3.0 0.0
obs733  50.672565  3.0 0.0
obs734  -9.023199  3.0 0.0
obs735  -1.805337  3.0 0.0
obs736  -175.571426  3.0 0.0
obs737  -105.928588  3.0 0.0
obs738  -35.629971  3.0 0.0
obs739  -103.704561  3.0 0.0
obs740  59.945633  3.0 0.0
obs741  -82.194504  3.0 0.0
obs742  -73.576662  3.0 0.0
obs743  -93.465494  3.0 0.0
obs744  -5.181820  3.0 0.0
obs745  193.594429  3.0 0.0
obs746  92.596201  3.0 0.0
obs747  138.770432  3.0 0.0
obs748  197.563765  3.0 0.0
obs749  -14.247507  3.0 0.0
obs750  59.060595  3.0 0.0
obs751  2.673315  3.0 0.0
obs752  42.140801  3.0 0.0
obs753  117.787188  3.0 0.0
obs754  46.292915  3.0 0.0
obs755  21.690104  3.0 0.0
obs756  -4.481639  3.0 0.0
obs757  -14.720205  3.0 0.0
obs758  -75.763166  3.0 0.0
obs759  -78.677141  3.0 0.0
obs760  -91.508615  3.0 0.0
obs761  -62.486594  3.0 0.0
obs762  152.745379  3.0 0.0
obs763  -81.660159  3.0 0.0
obs764  -123.444363  3.0 0.0
obs765  -156.549595  3.0 0.0
obs766  -9.626640  3.0 0.0
obs767  129.272492  3.0 0.0
obs768  -56.826393  3.0 0.0
obs769  -73.379819  3.0 0.0
obs770  13.962172  3.0 0.0
obs771  -7.411639  3.0 0.0
obs772  175.263941  3.0 0.0
obs773  -58.967298  3.0 0.0
obs774  10.998584  3.0 0.0
obs775  -56.551642  3.0 0.0
obs776  6.765018  3.0 0.0
obs777  -92.452456  3.0 0.0
obs778  29.211770  3.0 0.0
obs779  -127.990493  3.0 0.0
obs780  120.603411  3.0 0.0
obs781  215.671637  3.0 0.0
obs782  -140.971324  3.0 0.0
obs783  -143.523427  3.0 0.0
obs784  -56.576841  3.0 0.0
obs785  48.232826  3.0 0.0
obs786  -11.679759  3.0 0.0
obs787  -6.557826  3.0 0.0
obs788  -73.874213  3.0 0.0
obs789  103.397832  3.0 0.0
obs790  -60.544942  3.0 0.0
obs791  -177.858141  3.0 0.0
obs792  186.627946  3.0 0.0
obs793  117.552209  3.0 0.0
obs794  -185.738607  3.0 0.0
obs795  114.009826  3.0 0.0
obs796  -75.365942  3.0 0.0
obs797  6.435476  3.0 0.0
obs798  -0.225111  3.0 0.0
obs799  3.602935  3.0 0.0
obs800  -69.872994  3.0 0.0
obs801  -154.446767  3.0 0.0
obs802  42.507184  3.0 0.0
obs803  -22.617984  3.0 0.0
obs804  143.156149  3.0 0.0
obs805  46.353902  3.0 0.0
obs806  52.539176  3.0 0.0
obs807  104.851994  3.0 0.0
obs808  -140.442926  3.0 0.0
obs809  77.611507  3.0 0.0
obs810  -36.089774  3.0 0.0
obs811  124.319216  3.0 0.0
obs812  39.692999  3.0 0.0
obs813  196.775433  3.0 0.0
obs814  -63.537313  3.0 0.0
obs815  163.694227  3.0 0.0
obs816  4.179438  3.0 0.0
obs817  -58.947867  3.0 0.0
obs818  -21.469484  3.0 0.0
obs819  -2.279276  3.0 0.0
obs820  132.186714  3.0 0.0
obs821  -106.459287  3.0 0.0
obs822  -184.206656  3.0 0.0
obs823  -7.711710  3.0 0.0
obs824  -65.566254  3.0 0.0
obs825  10.276183  3.0 0.0
obs826  -126.326858  3.0 0.0
obs827  82.691564  3.0 0.0
obs828  193.997490  3.0 0.0
obs829  163.668461  3.0 0.0
obs830  24.231161  3.0 0.0
obs831  12.249443  3.0 0.0
obs832  -47.181958  3.0 0.0
obs833  94.414286  3.0 0.0
obs834  22.619139  3.0 0.0
obs835  29.627971  3.0 0.0
obs836  -67.294207  3.0 0.0
obs837  30.995323  3.0 0.0
obs838  -92.798914  3.0 0.0
obs839  -17.134154  3.0 0.0
obs840  -119.415215  3.0 0.0
obs841  -76.718111  3.0 0.0
obs842  17.051251  3.0 0.0
obs843  136.160670  3.0 0.0
obs844  146.301491  3.0 0.0
obs845  202.077756  3.0 0.0
obs846  -71.995284  3.0 0.0
obs847  -91.282192  3.0 0.0
obs848  31.998300  3.0 0.0
obs849  37.469976  3.0 0.0
obs850  131.375602  3.0 0.0
obs851  17.244828  3.0 0.0
obs852  -13.247134  3.0 0.0
obs853  -68.939631  3.0 0.0
obs854  8.917490  3.0 0.0
obs855  -22.048815  3.0 0.0
obs856  14.461709  3.0 0.0
obs857  -102.188377  3.0 0.0
obs858  140.189042  3.0 0.0
obs859  161.386417  3.0 0.0
obs860  204.070932  3.0 0.0
obs861  222.269811  3.0 0.0
obs862  63.836929  3.0 0.0
obs863  89.943098  3.0 0.0
obs864  82.736910  3.0 0.0
obs865  107.051832  3.0 0.0
obs866  65.958761  3.0 0.0
obs867  177.452398  3.0 0.0
obs868  -130.447240  3.0 0.0
obs869  1.695196  3.0 0.0
obs870  -105.294409  3.0 0.0
obs871  54.695780  3.0 0.0
obs872  54.080903  3.0 0.0
obs873  101.364536  3.0 0.0
obs874  144.744362  3.0 0.0
obs875  32.253231  3.0 0.0
obs876  -146.794095  3.0 0.0
obs877  90.873152  3.0 0.0
obs878  -139.165952  3.0 0.0
obs879  1.642439  3.0 0.0
obs880  41.583986  3.0 0.0
obs881  158.637192  3.0 0.0
obs882  -39.576367  3.0 0.0
obs883  174.988356  3.0 0.0
obs884  17.501302  3.0 0.0
obs885  106.945160  3.0 0.0
obs886  109.548443  3.0 0.0
obs887  -186.447242  3.0 0.0
obs888  31.387177  3.0 0.0
obs889  20.067892  3.0 0.0
obs890  147.371216  3.0 0.0
obs891  98.653801  3.0 0.0
obs892  117.593191  3.0 0.0
obs893  -95.780488  3.0 0.0
obs894  -137.447717  3.0 0.0
obs895  139.795856  3.0 0.0
obs896  -128.453940  3.0 0.0
obs897  115.881907  3.0 0.0
obs898  109.220564  3.0 0.0
obs899  -42.502621  3.0 0.0
obs900  66.915876  3.0 0.0
obs901  101.149240  3.0 0.0
obs902  5.270822  3.0 0.0
obs903  127.867982  3.0 0.0
obs904  -189.337879  3.0 0.0
obs905  0.383719  3.0 0.0
obs906  5.105733  3.0 0.0
obs907  54.813421  3.0 0.0
obs908  29.627781  3.0 0.0
obs909  43.748541  3.0 0.0
obs910  -99.251047  3.0 0.0
obs911  104.627345  3.0 0.0
obs912  135.132927  3.0 0.0
obs913  -57.042022  3.0 0.0
obs914  -47.720475  3.0 0.0
obs915  51.032738  3.0 0.0
obs916  -56.934666  3.0 0.0
obs917  42.653188  3.0 0.0
obs918  -14.445506  3.0 0.0
obs919  139.393999  3.0 0.0
obs920  -92.919724  3.0 0.0
obs921  -88.408200  3.0 0.0
obs922  105.190903  3.0 0.0
obs923  176.969933  3.0 0.0
obs924  -13.505375  3.0 0.0
obs925  76.037661  3.0 0.0
obs926  115.553904  3.0 0.0
obs927  -8.908024  3.0 0.0
obs928  115.395634  3.0 0.0
obs929  174.872484  3.0 0.0
obs930  59.732820  3.0 0.0
obs931  -13.559038  3.0 0.0
obs932  -148.722259  3.0 0.0
obs933  -7.619874  3.0 0.0
obs934  77.985233  3.0 0.0
obs935  46.400250  3.0 0.0
obs936  -26.845849  3.0 0.0
obs937  6.743488  3.0 0.0
obs938  -12.964774  3.0 0.0
obs939  72.690606  3.0 0.0
obs940  -53.666453  3.0 0.0
obs941  109.912263  3.0 0.0
obs942  -29.626896  3.0 0.0
obs943  -47.897217  3.0 0.0
obs944  -60.348688  3.0 0.0
obs945  25.082903  3.0 0.0
obs946  176.156105  3.0 0.0
obs947  -251.402849  3.0 0.0
obs948  -153.694198  3.0 0.0
obs949  128.926297  3.0 0.0
obs950  211.395467  3.0 0.0
obs951  -202.417467  3.0 0.0
obs952  -117.073184  3.0 0.0
obs953  11.380836  3.0 0.0
obs954  76.560478  3.0 0.0
obs955  -63.973717  3.0 0.0
obs956  59.068219  3.0 0.0
obs957  -93.134050  3.0 0.0
obs958  -75.377654  3.0 0.0
obs959  -79.531893  3.0 0.0
obs960  -37.215479  3.0 0.0
obs961  76.709066  3.0 0.0
obs962  250.792703  3.0 0.0
obs963  -163.569016  3.0 0.0
obs964  -37.401675  3.0 0.0
obs965  -140.538431  3.0 0.0
obs966  -24.425490  3.0 0.0
obs967  97.439123  3.0 0.0
obs968  -111.780851  3.0 0.0
obs969  -18.349508  3.0 0.0
obs970  -113.325413  3.0 0.0
obs971  92.223653  3.0 0.0
obs972  -204.852784  3.0 0.0
obs973  -82.028578  3.0 0.0
obs974  133.313062  3.0 0.0
obs975  141.394288  3.0 0.0
obs976  -135.446987  3.0 0.0
obs977  -107.051804  3.0 0.0
obs978  28.814957  3.0 0.0
obs979  -104.240438  3.0 0.0
obs980  13.391363  3.0 0.0
obs981  -36.246130  3.0 0.0
obs982  -86.070661  3.0 0.0
obs983  124.495758  3.0 0.0
obs984  -122.681497  3.0 0.0
obs985  -83.914809  3.0 0.0
obs986  53.194024  3.0 0.0
obs987  64.118405  3.0 0.0
obs988  -142.364313  3.0 0.0
obs989  -105.638906  3.0 0.0
obs990  44.287293  3.0 0.0
obs991  39.457475  3.0 0.0
obs992  -199.935022  3.0 0.0
obs993  -60.493175  3.0 0.0
obs994  256.234212  3.0 0.0
obs995  21.262005  3.0 0.0
obs996  40.660218  3.0 0.0
obs997  -85.077111  3.0 0.0
obs998  -75.658317  3.0 0.0
obs999  154.366072  3.0 0.0
