-3.86153979e+01
 5.27552997e+00
 6.46071201e+00
 1.20948349e+02
 9.24661971e+00
-2.86500303e+00
 2.94738660e+01
 8.51152472e+01
 8.43002659e+00
-1.93587342e+01
-2.02186765e+01
 2.57396567e+01
 1.15605303e+02
-5.17878814e+01
 1.12897016e+01
-2.81288792e+01
 1.48257552e+01
 6.11839370e+00
 7.46024815e+01
 8.68369713e+01
-6.84206774e+01
-1.92462991e+01
 3.05914756e+01
-4.09073203e+01
 8.86088934e+01
-8.89822994e+01
-8.02687663e+01
 3.66194355e+01
-1.24977225e+02
 1.74946183e+02
 1.00693165e+02
-9.34845036e+01
 1.37707453e+02
-3.50079800e+01
-5.96871330e+01
 5.74012310e+00
-3.42861919e+01
-8.69312040e+01
-6.54598977e+01
-3.59440829e+01
 1.53713461e+01
 1.70264483e+01
-2.87356121e+01
-2.70482702e+01
-2.49843134e+01
 3.71852656e+01
-5.23539904e+01
 1.02999962e+02
-8.95234081e+01
-9.99474522e+00
 3.41874043e+01
 4.65728218e+01
-8.40532083e+00
-6.65560351e+01
 6.57844586e+01
 7.74285095e+01
-7.50387724e+01
-6.84473799e+01
-5.26123695e+01
 1.17691597e+02
 7.97598937e+01
 3.27889949e+01
 1.11188994e+02
 3.33050922e+01
-1.71309371e+01
 5.87299454e-01
 2.19854810e-01
 2.33939026e+01
 5.34946200e+01
-1.73019304e+02
-2.66871100e+01
 4.20915088e+01
-4.23845385e+01
 1.20804121e+02
-5.89171879e+01
 5.57101508e+01
-3.18328666e+01
-2.02787457e+01
-2.86694782e+01
 6.93957901e+01
-1.04359499e+02
 1.39765083e+01
 2.04434126e+01
 3.74499554e+01
-1.09720846e+02
 3.97967353e+01
-2.19707418e+02
-7.15671022e+00
 1.47091878e+01
 6.38349634e+00
-2.02582211e+00
 1.04153960e+02
 1.01034422e+02
-2.82188542e+01
-7.55781920e+00
 1.39381758e+01
-8.34890608e+01
 7.10489320e+01
 6.27916858e+01
-1.43463611e+00
 6.19323479e+01
 7.67206282e+01
-9.13016612e+01
 2.24454846e+01
-1.21442231e+01
-6.93179290e+01
 4.25480116e+01
 2.87131725e+01
-2.38679293e+01
-3.95762879e+01
-1.54973412e+01
-4.73228141e+01
 3.53566301e+00
-3.21141233e+01
 3.28170206e+01
-8.13105894e+01
 4.63863815e+01
-1.08487924e+01
-7.60407552e+00
 1.75037631e+01
-3.22925718e+01
-5.42300537e+01
-9.49946773e+01
-9.77886123e+01
-2.22386331e+01
-5.31598801e+01
