-3.73221544e+01
-4.33631302e+00
-3.54330290e-01
 1.17632291e+02
 7.35885459e+00
 2.25468140e+01
 3.27687138e+01
-2.49229277e+01
-5.29554858e+01
-1.10642862e+02
-3.00039035e+01
-1.46145675e+01
-1.01975617e+02
-8.96024577e+01
-1.44077754e+01
-3.07150861e+01
-9.37402009e+01
 2.33193286e+01
 1.41332861e+01
-1.67352524e+00
 1.10294674e+02
-1.92769572e+01
-1.10569551e+02
-4.50488631e+01
-5.13234160e+01
 7.24872688e+00
-4.96667921e+01
-6.29290466e+01
-4.22072643e+01
-7.05479424e+01
-3.50877513e-01
-6.33342980e+01
 1.09821389e+01
-3.62166627e+01
-2.42632720e+01
 1.23148495e-01
-3.31914160e+01
-5.34418849e+00
-4.45648094e+01
-9.07636362e+00
 2.74447248e+01
 2.81389415e+01
 6.66414005e+01
-1.36019685e+01
 1.02933940e+02
 9.93182932e+01
 2.70802033e+01
 5.63143075e+01
 2.77046692e+01
-8.01446581e+01
-3.16521127e+01
 7.81231914e+00
 3.94961360e+01
 5.81672819e+01
-3.32130196e+01
 1.53347116e+01
-9.84894086e+01
-7.25574637e+01
 6.29649878e+01
-9.09530102e+00
 6.00207016e+00
-2.62793351e+01
-4.34338159e+01
 1.45053318e+01
 1.77993568e+01
 2.94131779e+01
 4.32886943e+01
-2.11457964e+01
 1.25805595e+01
 3.75150658e+01
 6.03890902e+00
 1.83792014e+01
 2.16505319e+01
-2.28497285e+01
-2.14748558e+01
-2.67719413e+01
-6.70272228e+01
-6.26508842e+01
-1.16296875e+01
 5.78146141e+01
-1.52259318e+01
 1.17152141e+02
 1.95202490e+01
-5.30419219e+01
 2.09782786e+01
-3.54949836e+01
 2.02597955e+01
 9.79682972e-01
 1.61080434e+01
-1.60725861e+01
-3.46791722e+01
-1.29423611e+01
-6.65947463e+01
 9.19574080e+01
-6.33647868e+01
-7.83071843e+00
-6.00696813e+01
 1.02979548e+01
-4.00595428e+01
-2.50531265e+01
 7.23776116e+01
 1.02585019e+01
-1.56762272e+01
 9.49813340e+00
 4.81631690e+01
-6.73783679e+01
 4.88865030e+01
 3.94684489e+01
 5.89039366e+01
-5.54720601e+01
 4.48293443e+01
-6.40201469e+01
 3.01665153e+00
 3.76292677e+01
 9.65710025e+01
-5.92394686e+01
 4.27051226e+01
-8.24221119e+01
-4.54979458e+01
 1.82606767e+00
-4.65875783e+01
-9.81108745e+01
-1.14958099e+01
-9.76835957e+01
-7.17016071e+01
 3.42255999e+01
