-3.84631731e+01
-3.03099594e+00
 4.64586865e+00
 1.08629640e+02
 6.59187812e-01
-6.33415297e+00
-2.11905169e+01
-1.87457495e+00
 1.80572355e+01
-4.91765430e+01
 2.77188804e+01
 5.23916776e+01
-3.53378791e+01
-7.91331291e+01
 2.82687253e+01
-3.93407577e+00
-1.08567843e+02
 9.98039965e+01
 2.65677439e+01
-1.22968158e+01
 3.42934273e+01
 6.54820981e+01
-3.82153002e+01
-4.13968367e+01
 3.44367422e+01
 9.32648455e+01
 3.63540234e+01
 4.11942812e+01
 8.76434433e+01
 3.00920208e+01
 8.89710884e+01
-8.16757602e+00
-2.16681258e+01
 6.92256933e+00
 7.94005686e+01
-1.08280951e+02
-1.62725906e+00
-8.18846015e+01
 9.93818537e+00
 2.08038072e+01
-1.03292556e+02
-3.36237296e+01
 5.65048665e+01
-3.43883021e+00
 1.37695217e+02
-3.43661522e+01
 4.64031350e+01
-9.03516714e-01
 5.72000430e+01
-4.41363429e+01
 5.62398224e+00
-2.30656345e+01
-8.90119010e+00
-2.68501219e+01
-5.88871415e+01
-4.20384211e+01
-3.27061636e+01
 2.43409807e+01
-3.63545756e+01
 7.90055465e+01
-6.32052771e+01
-2.35640565e+01
 3.10857964e+01
 3.05182968e+01
-3.87277538e+01
 4.57214079e+01
-8.05275990e+01
 1.23680852e+02
-8.58305294e+01
 2.10632906e+01
 2.35664116e+01
-4.49748579e+00
-9.78331942e+01
-9.09777929e+01
-3.01601398e+01
-1.15710551e+01
 5.14316510e+01
 1.79709085e+01
-2.91699329e+01
-1.61743288e+01
-3.71173347e+01
 9.31844196e+01
 8.50862777e+01
-9.16467741e+00
-6.20109663e+01
-1.32686354e+01
-4.58748960e+01
 5.36756427e+01
 5.18606988e+01
 4.05851693e+01
-1.92393639e+01
-8.57311189e+01
-4.42456227e+01
 2.15720316e+01
-3.43488191e+01
-7.18530831e+01
 3.57973295e+00
-6.09478267e+00
 1.12741384e+02
-4.35469366e+01
 1.05310006e+01
 6.30966346e+01
-3.12321847e+01
-4.32977030e+01
-5.58282218e+01
-2.59114639e+01
-3.54370259e+01
-4.31739824e+01
-1.76933535e+01
 3.95422365e+00
 9.10337418e+01
 7.26824216e+01
-8.73863379e+01
 7.89324827e+01
 2.71803989e+01
 1.09475994e+02
 1.82477824e+01
 6.98999708e+01
-5.44447553e+01
 1.06842566e+01
-1.04916929e+02
-5.03548749e+01
 2.30565686e+01
 8.06995404e+00
-6.48345937e+00
 2.91532837e+00
