-3.88688837e+01
-3.74381060e+00
-1.29073837e+00
 1.11566665e+02
 6.85824535e+00
-1.42215340e+01
-1.17432962e+01
 3.09454002e+01
 7.87388739e-01
-4.65773547e+01
 2.38711134e+01
 4.98155980e+01
-5.29829652e+01
-6.35376597e+01
 8.45827346e+00
 7.54891260e+01
-1.28008918e+02
 2.92421218e+01
 7.19891250e+01
-5.36102182e+01
 3.60351780e+01
-2.58573925e+00
-1.43922530e+01
-4.23778184e+01
 4.68362442e+01
 1.07894866e+02
-1.82323294e+01
-8.44284423e+01
 8.93758630e+00
 7.38063378e+01
-3.16638547e+01
 7.15064605e+01
-1.88773760e+01
 3.75659770e+01
 6.05797117e+01
 4.54458805e-01
-4.69602448e+01
-1.12437754e+01
-1.15355560e+02
 1.08761087e+01
 4.10184550e+01
 4.93928873e+01
 6.22648600e+00
 2.55299389e+01
-6.73854975e+01
-5.14861148e+00
-2.73251164e+01
-6.83724273e+00
-2.38863756e+01
 5.51338514e+01
 7.18932582e+01
 4.17737825e+00
-3.82488561e+01
-6.50729638e+00
 2.06495683e+00
-5.69622666e+01
 3.24599798e+00
-6.36350431e+01
 4.18358614e+01
 2.42735227e+01
-2.56750600e+01
 5.68399720e-01
-6.39371805e+00
-7.15809762e+01
 7.56791055e+01
-9.16154029e+01
-2.59485523e+01
-1.82271181e+01
-3.94567293e+01
-7.82943280e+01
-3.53749678e+01
-7.51451338e+01
 7.54171975e+01
-1.62167226e+01
-2.28514671e+01
-5.62512371e+00
-1.54216164e+01
 7.60818636e+01
-2.73921603e+01
 1.59190459e+01
 1.13249793e+02
 4.72596897e+01
-4.81576914e+01
-7.20966569e+01
 7.20436159e+01
-3.34461964e+01
-8.19653250e+01
-5.45184954e+01
 4.18315689e+01
-3.72091995e+01
-1.06681375e+02
-4.05722519e+01
-3.44779945e+01
-4.16825894e+01
-3.24859786e+01
 3.58580326e+01
 7.95311455e+00
 3.42286653e+01
-7.13976829e+01
 4.77292394e+00
-1.89785600e+01
-3.77233535e+01
-7.01334091e+01
-1.71766707e+00
 6.12260053e+01
 2.15169555e+01
-1.56149432e+00
-8.45407157e+01
-3.80789360e+01
-2.07673177e+01
-4.75215086e+01
 1.01657405e+02
-4.51824635e+01
 8.14338219e+01
-4.72762381e+01
-1.69261509e+01
-4.24069844e+01
-1.30562669e+01
-3.87267840e+01
 7.63777309e+01
 6.00262384e+00
-1.71319031e+02
-7.48090058e+01
 1.22115973e+02
-4.07045159e+01
-2.12747181e+01
