-3.78806595e+01
-6.60763894e+00
 1.06537277e+01
 1.13308719e+02
 1.06592483e+01
-6.92865644e+00
-2.56041190e+01
 1.06703273e+00
-2.42062993e+01
-1.61337834e+01
 1.83721838e+01
 1.67131587e+01
 1.20065867e+01
 5.72064994e+00
-1.83411352e+01
-1.82682980e+01
-5.17997245e+01
-1.91637092e+01
-6.88513295e+01
 2.63417721e+01
 2.01944165e+01
-1.48248253e+01
-3.72227569e+01
 1.13297707e+01
 1.14032342e+02
-3.80503282e+01
-6.58765627e+01
-3.49014542e+01
 1.67787124e+01
 5.74880179e+00
-6.35346772e+00
-5.70131985e+01
-9.26878440e+00
 4.30704433e+00
-3.11818013e+01
-5.38305236e+01
-8.23651870e+01
-7.98249626e+00
-5.63132898e+01
 7.96792293e+01
-6.31089137e+01
-1.59908979e+01
-2.26615288e+01
-1.64440457e+01
 2.42547594e+01
 3.27559427e+01
-9.82764679e+00
 2.98164536e+01
-5.25269945e+01
-4.72167534e+01
 8.97963141e+01
-1.48717850e+01
-4.24179457e+00
-6.19739815e+01
-3.96661091e+01
 4.36786726e+01
-4.61944674e+01
-1.51419757e+01
-5.91088968e+01
-3.38561776e+01
-9.50371010e+01
-1.12811362e+02
 9.74936539e+00
 1.09210189e+01
 3.61091782e+01
 1.16999642e+02
 6.13518500e+01
 7.96788574e+01
 9.63919696e+01
-3.54696723e+01
 1.05848778e+02
-1.04519541e+01
 1.69621748e+00
-3.02243974e+01
-1.12630438e+02
 6.78398326e+01
 2.66879504e+01
-6.58027824e+01
-1.73133229e+01
-2.78208425e+01
-4.28044530e+00
 4.40975631e+01
-8.76139996e+01
 1.19903792e+01
 1.09243227e+02
-2.56798164e+01
 3.92088322e+01
-3.47081447e+01
-9.08049376e+01
 1.52336598e+01
 2.68940871e+01
-5.12484789e+01
 5.25706861e+01
 1.60761377e+01
 6.98402093e+00
-2.71535842e+01
 1.00590899e+01
 3.81600686e+01
-4.91902798e+01
 4.24225587e+01
 2.26025904e+01
-7.24869860e+00
-5.10434775e+01
-4.70583091e+01
-2.03166855e+01
 6.49484580e+00
-7.26916266e+01
-4.38861912e+01
-1.94777215e+01
 2.10028792e+01
 1.30691759e+01
-5.80227666e+01
 5.49319972e+01
 2.52925357e+01
-3.74991287e+01
-5.87672476e+01
 9.74199670e+00
-8.49259909e+01
-8.21165345e+01
 4.18416376e+01
-1.82840192e+01
 2.79635678e+01
 2.98147915e+01
 4.62265837e+01
 1.18789615e+02
 7.54781826e+01
