-3.89425227e+01
-1.50732819e+01
 1.58696169e+01
 1.15161574e+02
 6.71157422e-01
-2.57179105e+01
-3.88214058e+01
 3.96574994e+01
-2.60539850e+01
 3.12504331e+01
-6.18961040e+00
-4.41630424e+01
 3.96778172e+01
 5.91709049e+00
 5.49865026e+01
 1.58857747e+02
-1.48773637e+02
-1.30235424e+02
-1.46092014e+02
 4.18043405e+01
 3.73026457e+00
 9.14478600e+01
 3.22306941e+01
 6.35468657e+01
 2.08713545e+02
-1.78295672e+02
 6.52707375e+01
-3.16407983e+00
-6.39123051e+01
-1.03628509e+02
-1.11148457e+02
-1.09024522e+02
 2.97118645e+01
 9.08406212e+00
-8.50434891e+00
-1.26739960e+02
-5.43200260e+01
-2.59509713e+01
 7.59385573e+01
 5.88758266e+01
-6.42672003e+01
-6.84702359e+01
-8.87824040e+01
-8.35676622e+01
 1.66683762e+02
-1.99436831e+02
-1.18388336e+02
 1.57674338e+01
-1.17160220e+02
-1.31716512e+02
 5.61379396e+01
-2.29599730e+01
 1.79620951e+02
-8.43065883e+01
-2.42301732e+01
 3.23923713e+00
-9.14154509e+01
-8.63308348e+01
-5.50270407e+00
 5.46818131e+01
 2.25329925e+01
 1.05216040e+02
-1.29837636e+01
-1.68675236e+02
-5.51921488e+01
-6.37735748e+01
 9.86553793e+01
 6.95269866e+01
 3.05613288e+01
-1.61738388e+02
-1.01026222e+02
 9.98444670e+00
 4.18807734e+01
 4.05317541e+01
 6.44928977e+01
 1.14672248e+01
 8.18448462e+00
 6.46958817e+01
 2.22911915e+01
-1.32516267e+02
-6.89274992e+01
-1.08872200e+02
 1.27093935e+02
-1.35665932e+02
-6.80082445e+01
-2.08301254e+01
-1.31683073e+02
 9.05337057e+01
-1.27590292e+02
 8.75405301e+00
-2.11221733e+01
-5.74142795e+01
 8.33478906e+01
 3.35046487e+01
-8.76033556e+01
-1.04576263e+02
-9.21259822e+01
 1.27107935e+02
 1.26951153e+02
-2.46619172e+01
-1.29890925e+02
 4.47828621e+01
-2.14385216e+01
 5.24602384e+01
-2.33386085e+01
-2.25355294e+01
-8.82141267e+00
-2.25206664e+00
 1.09888096e+02
-1.74178028e+02
-7.57773100e+01
 1.61245410e+01
-4.83965939e+00
 2.49692760e+01
 2.37376334e+01
-7.48272536e+01
 1.27229787e+01
-9.01602450e+01
 4.53650093e+01
-1.24743587e+02
 1.22097564e+01
 1.02904493e+02
 1.36119617e+01
-2.87135514e+01
 9.30972756e+01
 1.85001463e+01
