-3.80360353e+01
-6.03202239e+00
 1.37585921e+01
 1.13776955e+02
 2.60423292e+00
-1.14227836e+01
-2.41059340e+00
-1.37486389e+01
 7.68255023e+00
 2.15331353e+00
 7.82567864e+00
-1.47166268e+01
 3.21852375e+01
-3.00930348e+01
 2.12185678e+01
 6.16269000e+01
-2.41475093e+01
 7.80219054e+01
-3.77767250e+01
-4.77984899e+01
 2.80480774e+01
-5.59375898e+01
 4.06371722e+01
 2.51800534e+01
 1.55734758e+01
-3.95185649e+01
 1.93801521e+00
-4.41619300e+01
-7.63474443e+01
 3.53584988e+01
 1.33074455e+01
-8.18990507e+00
 4.53768246e+01
-1.55354785e+01
 1.43485233e+01
 8.46288171e+00
-3.53797092e+01
-1.37536944e+01
-1.79788044e+01
-1.06156878e+01
 1.46826056e+01
-7.04703481e+00
 6.25057880e+00
-1.57060311e+01
-2.40014947e+01
 9.65072213e+00
-2.22585107e+01
-3.28138861e+01
 1.43752883e-01
 9.76158703e+00
 3.11526043e+01
-2.51665506e+01
 6.26082086e+00
 1.78005016e+01
-3.08251124e+01
-4.81770707e+00
 4.97774793e+01
 1.37992617e+00
 1.85356847e+01
-2.54456032e+01
-5.90750344e-01
 3.64029627e+00
-5.84291674e+01
 4.20654740e+01
 2.45834268e+01
-3.82077838e+01
 3.10190858e+01
-4.41257837e+01
 1.42193837e+01
-6.57964224e+01
-1.87516238e+01
-5.10226206e+01
-1.59979596e+01
 5.55901966e+01
-3.86413676e+00
-1.96913491e+01
 1.26910981e+01
-3.69231112e+01
 2.02849338e+01
-4.12440168e+01
-4.44028551e+01
 3.19942974e+01
-1.68785336e+01
-4.00010014e+00
 2.29393119e+00
 5.37588632e+00
 1.75151626e+01
 5.89108370e+00
-1.83449191e+00
 1.25494151e+01
 1.27452090e+01
 1.87462891e+00
-5.00264790e+01
 4.36118414e+00
-1.10762263e+02
-8.62109732e+00
 7.46779892e+00
 7.74827745e+00
-4.79065479e+01
-4.19383056e+01
 2.31136533e+01
 7.36236343e+01
 3.20647298e+01
 7.00124902e+01
-8.16770783e+00
-3.17605575e+01
 3.30504279e+01
 7.30926569e+00
-1.26816539e+01
 2.10915009e+01
-6.25894987e+01
 2.96695593e+01
 1.28065013e+00
-4.79133531e+00
-4.47956890e+01
-1.68919877e+01
 8.75389930e+00
 1.51960700e+00
-4.05355376e+01
-7.07445041e+00
-8.38577768e+00
-2.61288053e+01
-2.57982575e+01
 1.06797024e+00
-6.93983963e+00
 1.87732633e+01
