-3.91022697e+01
-9.50542571e+00
 1.40471800e+01
 1.10139829e+02
 8.21569069e+00
 1.32685601e+00
-3.96989193e+01
 2.96936863e+01
 1.92223831e+01
-2.55949402e+01
 1.17245400e+01
-8.35499093e+00
 1.11092374e+02
-8.40247529e+01
 3.18038838e+01
 5.39145936e+01
-8.27725035e+01
 1.92146535e+02
-2.27412381e+01
-7.13327197e+01
-6.95697471e+01
-1.48597357e+00
 1.99227791e+02
 1.60740431e+02
 1.59566458e+02
-6.29345067e+01
 5.80300056e+01
-6.24467895e+01
-6.68349677e+01
 1.31091577e+02
-7.91396334e+00
-1.56686238e+02
 5.12632470e+01
-2.11334710e+02
-1.42719899e+02
 6.86473697e+01
 3.07432960e+01
-1.04401778e+02
-2.50143393e+02
-2.24176922e+02
 1.37951804e+02
-4.87159889e+01
 4.95111501e+01
-1.43870542e+02
 7.43124157e+01
-9.22597203e+01
-6.13852966e+01
 1.01184013e+02
 1.88997024e+02
 2.37879329e+02
 2.55894226e+02
 8.86656989e+01
 1.03650980e+02
-8.64342089e+01
 1.28100445e+02
 2.85619026e+01
-2.04694790e+02
-1.00371657e+02
-1.57708425e+02
-9.78879082e+01
 8.73919395e+01
 2.98060799e+02
 4.61337660e+01
 1.85251071e+01
 1.84684198e+01
 2.97985777e+02
-8.32642970e+00
 2.29659734e+01
-9.74807930e+00
 1.93449917e+02
 3.54556488e+01
-7.88552141e+01
 8.76055778e+01
-2.12491320e+02
 1.18401292e+01
 1.59405594e+01
 1.36718887e+02
 2.12167291e+02
 1.41038236e+01
 1.98238868e+01
 2.78600538e+00
-1.16993953e+02
-2.05790418e+01
 4.91560181e+00
-6.21807948e+01
-2.72606094e+01
 6.77500675e+01
 9.98771786e+01
 6.27119882e+01
 2.71220335e+02
 8.49845561e+01
-4.44285981e+01
-7.85104605e+01
-1.68667795e+01
 2.35630714e+02
 7.08288516e+01
-1.56683784e+02
 2.20705884e+01
-2.40087151e+02
-1.32723711e+02
 2.24933348e+02
-2.17992528e+01
-1.42961991e+01
 3.12223464e+01
-4.62983621e+01
 3.27406494e+01
-3.34961490e+01
-1.63761805e+02
 1.96491511e+02
-3.06032963e+01
 5.95278286e+01
-1.34851703e+02
 4.59042862e+00
 2.27228259e+02
 2.63456386e+01
-4.68628378e+01
 9.46121491e+00
-8.17513393e+01
 1.27512041e+02
 1.09180048e+02
-6.09331322e+01
-1.40636467e+01
 8.09945629e+00
 8.64192197e+01
-9.96890412e+01
-9.53984413e+01
