  95.104   92.629   92.631
 115.199   72.210   72.186
  94.453   55.657   55.584
  97.375  197.679  197.719
  87.864   91.501   91.500
 119.843   68.988   68.974
  98.775   82.957   82.949
 110.112   48.803   48.728
 101.315   31.383   31.279
  99.832   63.983   63.935
 106.500   19.435   19.334
 102.410   95.195   95.176
 101.583  116.160  116.162
  90.565  133.432  133.452
 106.479  117.144  117.143
  91.912   79.970   79.966
  94.056   41.839   41.787
  97.606   21.127   21.037
 103.101  174.631  174.654
 100.766  226.476  226.524
  98.596  219.227  219.278
 111.485  146.368  146.391
 108.026   50.818   50.788
  95.903  140.214  140.223
 100.338   20.147   20.048
 105.694   32.147   32.064
 101.982   30.994   30.935
 103.869   65.722   65.706
  95.429   88.976   88.972
  99.181  101.228  101.222
 101.951  110.983  110.981
 106.352   21.685   21.613
  98.591  105.632  105.640
 104.745  217.405  217.453
  97.129   24.091   24.001
  95.760  109.520  109.528
  90.828   54.776   54.735
 100.243   46.895   46.850
 103.649   74.631   74.625
  95.956  108.025  108.047
 101.392  134.120  134.131
  97.801  197.100  197.139
 108.319  137.482  137.489
  97.365  163.948  163.983
  95.774   37.570   37.484
  90.561   33.661   33.595
  88.258   19.716   19.614
 102.494   84.502   84.489
 101.694   58.643   58.613
 107.344  123.461  123.472
 106.633   41.020   40.947
  97.904   22.657   22.579
  92.173   59.281   59.277
  94.067   29.481   29.455
  93.923   43.726   43.689
 104.612   23.746   23.643
  98.276   27.906   27.810
  92.950   33.376   33.292
  98.531   76.406   76.403
 101.357  159.314  159.342
 100.555  152.679  152.695
  97.766   53.219   53.182
 105.306  243.779  243.831
  89.297  171.178  171.215
  96.271   47.468   47.407
 111.441   34.384   34.276
 107.157   89.092   89.077
 111.896   27.270   27.146
 102.764  156.636  156.656
  96.464   71.602   71.591
  92.466   54.535   54.485
 107.247   90.811   90.789
  98.901   32.358   32.283
 100.569   16.352   16.278
 101.864   89.768   89.763
  99.195  204.421  204.465
 109.340   76.757   76.748
  97.723  218.861  218.915
 110.916   29.902   29.835
 100.215   33.574   33.429
  96.619  124.864  124.884
 100.890   30.521   30.397
  93.052   35.603   35.551
 103.909   75.644   75.615
  94.459   14.180   14.111
 104.971   41.515   41.466
 100.698   25.507   25.391
  94.494   22.196   22.084
  97.264   69.629   69.606
  95.844   27.242   27.138
 100.833   69.878   69.827
  94.263   78.862   78.840
  98.573   89.458   89.463
 104.838   43.162   43.082
 102.790   32.945   32.895
 102.352  188.505  188.549
  91.169   84.031   84.029
 105.333  206.290  206.332
  89.275   28.699   28.606
  92.095   35.159   35.117
  90.540  125.249  125.265
 105.135   70.573   70.549
  89.856   92.055   92.047
  96.401   30.440   30.370
 102.307  163.848  163.871
 100.725  138.974  138.990
  94.854  116.911  116.930
 101.928   18.965   18.881
 100.988   17.259   17.172
  89.547   32.201   32.152
  99.008  111.632  111.642
 100.444  169.428  169.460
 116.747  178.727  178.764
 101.682   38.040   37.953
  93.639   29.297   29.195
 111.695   53.105   53.065
 100.780   62.375   62.372
 103.556   32.794   32.683
  98.574   29.280   29.133
 107.116   32.317   32.269
 115.057  281.754  281.810
 109.471   27.054   26.957
 108.518   82.139   82.100
  98.470  102.968  102.980
 110.248  111.623  111.633
 107.512   42.091   42.022
 102.196  104.362  104.372
  93.758  141.059  141.079
  97.935   51.912   51.891
  98.691   24.663   24.552
  95.734   26.039   25.977
  91.261   75.297   75.286
  98.361   36.853   36.757
 101.612   60.837   60.803
  86.882   20.005   19.905
 108.493  106.878  106.872
  98.968   29.067   28.970
  96.825   53.759   53.707
  94.246   37.553   37.501
  97.345   80.103   80.091
 100.744   65.631   65.634
  86.169   51.425   51.387
 105.435   32.143   31.994
  97.983   79.805   79.815
  95.876   23.474   23.358
  96.312  150.825  150.846
 106.646   65.465   65.433
  97.411   40.265   40.253
 111.394   44.746   44.672
 102.152   71.915   71.889
 100.645   46.823   46.758
 107.163  116.379  116.387
  98.083   71.684   71.662
 101.280   32.298   32.222
 124.253   52.652   52.557
 104.634   69.732   69.712
  86.492  116.171  116.189
  96.124   67.744   67.731
  92.650  104.410  104.423
 115.986  260.639  260.694
 108.372  129.302  129.305
 102.118  101.624  101.615
 101.073   52.337   52.303
  88.447   55.757   55.747
  92.339   67.868   67.854
 102.277   18.822   18.738
  88.907   35.691   35.608
 107.251   82.278   82.290
  95.147   85.926   85.925
 101.576   27.566   27.448
 104.019   55.082   55.072
 105.955   65.470   65.435
 102.997   33.711   33.676
 104.418   88.438   88.427
 105.724   51.224   51.183
  98.011   86.630   86.619
 104.794  107.400  107.411
  85.297   76.523   76.525
 105.280  297.032  297.104
 102.844   71.585   71.548
 114.103   25.835   25.699
  97.352   55.116   55.056
 107.413   42.621   42.563
  99.226   78.638   78.633
 101.028  123.069  123.069
 108.588  355.002  355.093
 106.021   20.310   20.209
  96.604  155.213  155.233
  85.415   37.361   37.305
  99.356  156.232  156.268
  96.846   91.486   91.484
 103.894   96.239   96.227
 108.516   53.261   53.222
 104.059   26.821   26.681
 105.278   57.847   57.852
  99.596  206.443  206.494
  88.639   29.728   29.646
 108.800   67.522   67.513
  94.961   38.529   38.511
 104.921  145.921  145.937
  89.742   76.543   76.533
 105.876   64.526   64.502
 101.324  116.166  116.165
  99.474  119.911  119.902
 105.944   40.518   40.469
  93.582   27.946   27.907
 102.868   81.877   81.869
 102.118   29.168   29.045
  91.714   60.673   60.672
  99.631   66.591   66.560
  98.830  180.530  180.567
  95.824   69.819   69.811
 100.822   58.648   58.620
  98.559   25.458   25.342
  92.955   50.476   50.446
  89.495  122.231  122.245
 112.799  194.898  194.932
 106.100   68.601   68.549
  95.793   33.126   33.046
  86.315   96.466   96.463
  93.249   34.026   33.984
  99.975   33.834   33.781
 101.022   92.676   92.677
  87.188   44.869   44.821
  94.241   21.514   21.444
  87.598  108.713  108.727
 105.778   62.835   62.826
 110.294   91.788   91.758
 106.874   94.363   94.352
  91.741   59.729   59.717
  99.726   58.502   58.481
 116.843   87.658   87.636
 109.949  133.311  133.317
  91.515   33.400   33.371
 110.344  115.745  115.736
 111.133   19.557   19.456
 101.032  155.722  155.747
 104.367  114.361  114.363
 100.565  112.805  112.811
 110.166  173.086  173.125
 108.623  169.780  169.813
  91.970   93.990   93.994
  89.381   43.277   43.254
  90.585   42.606   42.570
 102.502   49.009   48.956
 104.626   55.375   55.316
  95.353   28.156   28.013
 113.176  160.119  160.133
 102.389   82.193   82.176
 110.985   63.213   63.174
  93.326   29.079   29.028
  88.397  140.534  140.548
 102.869   28.845   28.792
  90.848   40.253   40.193
  99.667   96.488   96.505
  95.698   81.711   81.710
  95.335   65.996   65.976
  88.129   47.083   47.040
  96.621   99.934   99.944
  98.464  188.479  188.519
  99.439   26.906   26.849
  91.182   24.518   24.463
  95.930   25.530   25.485
 120.515  104.536  104.542
 101.375   31.488   31.407
  99.932  101.007  100.991
  97.964  228.707  228.749
 106.271   80.929   80.894
  96.671  130.602  130.621
 101.546   30.473   30.417
 101.979   26.300   26.215
 103.104   22.070   21.956
  85.491  122.088  122.105
 101.057  125.936  125.957
 100.241   35.440   35.366
 101.833   42.618   42.604
 109.805   83.758   83.751
  97.868   28.141   28.074
 105.211  143.060  143.073
  93.711  162.166  162.197
 107.282   39.621   39.529
 105.756   35.833   35.767
 106.477   60.339   60.286
  98.409  116.195  116.219
  96.332  107.271  107.260
  95.009  204.465  204.504
  94.469   21.763   21.675
 100.818  181.524  181.563
 111.229  107.038  107.042
  95.349  105.683  105.686
  98.511   84.407   84.402
  87.475   44.431   44.384
  95.341   42.961   42.892
  95.923   76.368   76.348
  94.626   34.578   34.495
 102.979   88.078   88.076
 101.598   32.720   32.700
 101.404  102.767  102.778
  94.471   24.207   24.131
  88.788   55.198   55.190
  94.940   17.863   17.773
  86.478   82.329   82.323
 110.039  150.806  150.827
  91.078   24.974   24.921
  97.353   30.610   30.506
 107.565  181.654  181.684
 106.190  126.266  126.267
  93.345   68.078   68.052
  97.573   87.224   87.230
 110.447  228.288  228.340
  95.718   74.173   74.160
  95.330   72.289   72.252
  95.004   54.761   54.708
  97.459  145.331  145.348
 117.751  270.533  270.592
  97.237   22.350   22.237
  94.209   21.097   20.994
  96.428   26.294   26.163
  86.146  114.491  114.505
  92.515  147.906  147.937
  91.573  142.742  142.763
  89.585   74.772   74.773
  93.566  166.828  166.855
  99.508   22.060   22.018
 101.045   99.253   99.263
 103.434   40.834   40.704
  93.220   65.679   65.671
  96.620   28.981   28.915
 104.897  144.153  144.173
  92.601   12.570   12.518
 103.462   70.127   70.127
  82.896   86.667   86.667
  89.446  201.874  201.922
 100.045   79.715   79.675
  96.342  120.810  120.829
 102.050   45.329   45.278
 100.791  128.500  128.506
  83.892   26.274   26.156
  98.070   56.269   56.229
  95.210  116.540  116.554
  85.513   67.090   67.096
 106.612   59.346   59.306
 106.359   76.677   76.671
  93.441  116.267  116.274
  95.352   22.781   22.674
 100.903   47.965   47.915
 102.319   62.404   62.387
  95.852   56.659   56.638
 112.395  134.599  134.600
 102.304   49.435   49.418
  95.072  103.132  103.137
 119.850   93.627   93.628
 100.224  240.146  240.201
  99.847  122.783  122.799
  95.053   82.875   82.866
  93.656   70.949   70.927
  81.259   36.728   36.701
  97.492   25.154   25.030
  97.886  121.979  121.984
 112.456  192.689  192.728
 102.826  110.562  110.560
  98.378   27.081   26.971
  89.995  178.845  178.879
 101.650   50.452   50.417
 108.165   95.022   95.025
  92.163   20.234   20.144
 112.809   89.234   89.240
 102.014  113.707  113.724
  97.346   81.031   80.998
 100.063  155.684  155.714
 105.768   99.979   99.982
  94.893  170.694  170.720
 105.357   74.125   74.121
  89.859  149.137  149.170
 118.726   56.293   56.253
  99.738   62.724   62.678
  94.498   97.933   97.924
 102.481   45.724   45.664
  95.182   26.987   26.879
  86.541   72.206   72.198
 119.787  143.650  143.674
 110.059   55.843   55.809
 103.953  102.801  102.810
  89.230   84.016   84.017
  96.427   32.778   32.708
 106.569   34.114   34.024
 109.875   32.387   32.273
  94.605   56.691   56.668
 100.031   64.646   64.582
 104.081   97.715   97.715
 106.523  124.884  124.874
 104.763  123.289  123.301
  99.954  144.127  144.134
 108.813   93.422   93.395
  98.262  160.382  160.414
 101.827  131.924  131.947
 100.906  125.667  125.677
 106.890   31.283   31.238
  90.821   47.647   47.620
  95.009  142.165  142.192
 112.175   77.916   77.869
 105.292  167.570  167.596
  94.312   30.960   30.834
  95.687  152.995  153.013
  99.176   56.586   56.564
 102.612   56.704   56.678
 125.135  168.347  168.372
 100.108   59.553   59.477
  98.526  118.141  118.154
  91.052   69.363   69.348
  89.864   35.022   34.936
 100.027   63.194   63.184
 106.521  103.826  103.822
 109.129  120.301  120.308
  87.084   74.352   74.335
 110.812  127.040  127.040
 116.158   92.759   92.708
 101.123   32.481   32.338
  98.638  113.969  113.984
 102.173  118.465  118.478
  96.833  112.393  112.401
 113.326   25.957   25.837
  83.778   23.151   23.064
 112.602   80.177   80.150
 101.715   25.406   25.336
 105.636   37.698   37.625
  90.666   25.810   25.763
 107.008  106.986  106.998
 104.194   93.628   93.647
 109.819   79.027   79.026
 102.896   42.524   42.422
  94.363   49.270   49.177
  95.225   79.328   79.308
 104.144  248.561  248.620
  96.744  120.803  120.817
 104.582  116.612  116.630
  98.285   56.543   56.515
  95.379   67.150   67.107
 104.507   29.973   29.828
 101.543   60.195   60.170
 104.606   78.888   78.844
 107.022   77.629   77.569
 115.012  107.454  107.462
 111.494  113.199  113.193
 104.189   43.080   42.993
 112.983  127.176  127.178
 102.741   75.850   75.814
 102.539  226.132  226.179
 100.585  105.551  105.545
  88.370   43.420   43.381
 101.845   23.653   23.547
 108.538  130.953  130.947
  97.396  238.807  238.865
  94.905   77.355   77.336
 100.115  108.569  108.570
  90.122  108.592  108.605
  98.017   77.404   77.395
 103.179   84.457   84.451
 106.210   43.891   43.840
  84.077   55.567   55.524
  93.652   34.690   34.640
 106.485  120.417  120.429
  90.102   65.032   65.003
  91.827  103.676  103.685
 104.623   80.868   80.854
 109.470  210.298  210.347
  94.046   91.736   91.746
 100.975   87.698   87.695
 107.626  115.782  115.790
  94.816   33.166   33.122
 100.442   96.205   96.198
 104.502  106.243  106.241
  90.515   31.704   31.594
  94.171  122.878  122.885
 103.957   23.419   23.320
 102.444   92.781   92.772
  92.785   19.786   19.705
 113.860  157.663  157.684
 107.409   99.252   99.266
  96.966   27.785   27.697
  93.435   42.387   42.352
  91.008   77.267   77.259
  91.230  134.466  134.488
 103.207  136.219  136.237
 100.277  105.817  105.831
  95.413   64.106   64.085
  92.817   86.461   86.459
  94.326  150.934  150.966
  94.352   51.655   51.629
  97.848  116.906  116.911
  90.454   71.532   71.512
  87.146   22.130   22.054
 102.580   59.091   59.070
  85.185   28.941   28.898
  99.142   58.859   58.828
 106.231   51.075   51.049
 106.285   35.552   35.472
 101.633  124.488  124.517
 105.355   66.354   66.312
  91.474  131.883  131.903
  83.223   37.368   37.351
 103.305   98.312   98.324
 108.930   38.825   38.777
  96.401   23.802   23.722
 107.137   86.949   86.950
 107.321   62.216   62.155
  95.859   36.639   36.547
 101.380   99.507   99.515
 100.914  131.006  131.018
  95.653   51.681   51.663
  91.695  125.297  125.319
 104.975  162.831  162.841
  89.714   56.369   56.330
  87.815   63.845   63.841
  84.789   51.460   51.430
  96.109   76.690   76.658
 110.519   25.965   25.835
  99.768  230.605  230.649
  97.741   55.617   55.566
 100.324   84.585   84.586
  96.543   36.385   36.310
 103.459   26.290   26.174
  99.572   75.407   75.391
 109.243  186.417  186.457
  93.098   67.158   67.125
  97.599   18.528   18.461
  93.575   32.644   32.616
  98.531   23.280   23.223
 116.462   52.240   52.126
  86.732   91.400   91.393
 103.895   31.103   30.968
  99.593   88.031   88.016
  92.455  104.422  104.428
 111.421   84.284   84.274
  96.908   54.116   54.081
  96.922   34.795   34.726
  89.390   80.410   80.407
 104.863   86.574   86.540
 111.742  116.884  116.897
 108.864  137.268  137.293
 105.685  176.472  176.502
  95.024  157.795  157.820
 101.544   61.272   61.269
  92.166   22.775   22.663
 101.384   77.096   77.087
  94.989   31.372   31.319
 106.807  186.645  186.683
  96.631   89.036   89.031
 104.587  103.766  103.772
 102.562  182.266  182.303
  91.199  147.454  147.475
 110.129  142.515  142.538
 100.282   29.196   29.151
 112.154  173.946  173.984
  96.415  117.844  117.851
  96.175   39.164   39.086
 104.888  194.861  194.903
 100.057   46.263   46.190
 103.956   71.150   71.147
 104.372   44.550   44.490
 102.397   70.766   70.693
 114.800   60.251   60.188
  92.015   37.959   37.927
  98.660   43.910   43.857
  85.224   82.994   82.991
 124.991   47.963   47.798
 117.766  225.316  225.369
 103.670   60.846   60.811
 105.851   67.432   67.394
 103.371   88.588   88.567
  89.058   70.622   70.621
  93.802  135.571  135.600
 106.641  122.713  122.727
 106.545   25.861   25.728
  93.957   59.882   59.873
 103.027  155.663  155.677
  99.343  154.268  154.295
  98.740   36.054   35.951
 108.877   97.760   97.757
 115.392   44.897   44.815
  93.001   19.302   19.250
  84.292   35.001   34.945
  95.950  126.938  126.956
 109.236  120.877  120.880
 105.061   32.531   32.443
  92.971   48.739   48.702
 100.377  145.253  145.279
  97.167   21.204   21.098
  95.513   61.891   61.889
 100.438  124.395  124.412
 107.114   60.002   59.992
 105.329  164.913  164.937
 107.839  177.516  177.550
  97.790   64.456   64.453
  97.531   67.450   67.422
  91.000  177.275  177.302
 103.833  173.397  173.425
  97.397   81.838   81.828
  99.973  139.481  139.495
 101.371   21.443   21.349
 104.020   49.184   49.128
  94.948   41.258   41.215
  95.038  112.780  112.793
 107.254   47.946   47.915
 102.804  157.480  157.506
 106.890   57.233   57.200
 104.787   28.090   28.024
  88.503   33.155   33.109
  92.328   56.032   56.003
 105.737   90.494   90.507
 111.305   98.058   98.024
  80.146   35.167   35.103
  98.696  156.809  156.828
 106.868   22.580   22.464
  90.921  138.956  138.978
 107.196  124.606  124.621
 102.996   29.816   29.678
  94.516   40.415   40.389
  94.315  125.037  125.057
 100.949  134.097  134.116
 112.198   33.687   33.566
  98.157   46.020   45.978
 108.447   78.139   78.116
  96.468   80.774   80.779
  91.258  113.770  113.776
  94.273   23.928   23.808
 104.253   37.453   37.369
  95.038  130.880  130.883
  99.840   39.712   39.671
  92.204   30.080   29.991
  97.535  219.389  219.437
  94.268  116.135  116.137
 104.370   40.009   39.933
  92.882  184.651  184.686
  91.270   94.242   94.238
  90.085   60.055   60.028
  84.109   38.630   38.602
 101.120  215.781  215.827
  92.022   42.333   42.217
  90.126  164.548  164.580
  91.889  117.415  117.425
 104.422   71.775   71.758
 102.134  126.210  126.233
  95.002   55.648   55.628
  81.434   37.537   37.498
  98.099  119.864  119.875
 112.362   94.990   94.972
 104.281   11.397   11.338
 107.773   48.081   48.003
  91.022   91.813   91.823
 101.530   74.248   74.220
  84.716   18.665   18.601
  94.638   21.058   20.949
  91.842  236.890  236.941
 102.304   44.397   44.326
  95.705   76.910   76.902
 106.121  119.614  119.628
  98.155   21.029   20.920
 103.701   42.990   42.958
 112.634   30.596   30.495
  96.791   35.665   35.610
  97.549  130.458  130.468
  91.171   53.835   53.816
 110.396  129.346  129.368
  89.151   27.204   27.141
 108.951   40.000   39.956
  99.014   44.221   44.201
  97.681   61.542   61.518
 104.945  165.944  165.959
  94.903   67.021   67.012
  94.307  111.229  111.244
 106.045   21.379   21.274
 101.941   24.022   23.907
 106.903   66.903   66.886
  95.110   38.341   38.282
 104.283   40.861   40.828
 109.817  143.008  143.035
  97.474  180.937  180.968
  95.545   19.672   19.581
 105.669   33.490   33.416
 102.118  162.023  162.043
 102.642  230.678  230.730
  98.910   34.614   34.521
  99.710   26.482   26.428
  90.714   36.120   36.043
  87.655   28.326   28.216
  99.223  130.972  130.989
 104.503  163.248  163.280
 105.355   21.870   21.790
 103.736   31.626   31.599
 104.780  188.027  188.064
  97.545  120.859  120.858
 101.033   31.130   30.999
 104.537   61.442   61.404
  88.301   30.700   30.642
  89.615   93.881   93.879
  91.794   30.186   30.126
  87.223   93.792   93.795
  95.404  146.194  146.217
 102.123   41.478   41.398
  90.842   25.277   25.145
  99.566  208.274  208.312
  88.630   27.538   27.470
  98.750  145.982  146.006
 107.654  141.083  141.095
 101.793   99.044   99.059
  87.230  111.050  111.064
 103.637   64.833   64.816
  99.000   50.971   50.940
  74.817   69.325   69.312
  95.932   87.627   87.619
  99.915  119.017  119.022
  96.849   76.020   76.003
  93.221   26.733   26.651
 104.395   73.862   73.840
 100.626   96.221   96.216
  88.484  138.921  138.944
 103.209   46.541   46.488
  97.582   24.812   24.719
  96.962   78.472   78.460
 102.326   55.989   55.938
  97.709  100.265  100.282
  85.860   95.939   95.943
  97.473   77.371   77.359
  96.659   91.822   91.835
  97.694   78.221   78.207
  93.362   93.557   93.559
 106.436   50.203   50.188
  90.577   34.152   34.078
  95.316  181.702  181.729
 105.319  139.790  139.810
 110.067  128.246  128.228
  99.001   26.158   26.072
 107.528  254.683  254.735
 115.033   33.778   33.682
 100.820  177.367  177.401
  92.665  146.595  146.622
 111.451  166.425  166.461
  94.316   55.232   55.206
 102.313  100.782  100.790
  93.388  229.631  229.675
  98.809   19.657   19.564
  95.204   76.044   76.022
  91.148  121.101  121.127
  97.478   42.510   42.421
  91.633   71.053   71.028
  92.102   49.699   49.655
 102.027   30.408   30.332
  98.268   87.634   87.637
  97.158  129.519  129.534
 106.753  135.252  135.262
  96.699   69.214   69.198
  96.568   49.637   49.613
  96.801   34.433   34.383
 102.717   54.341   54.328
  98.908   50.994   50.958
 105.027  142.616  142.634
  79.251   27.356   27.261
  96.885   33.730   33.643
  98.181   27.005   26.983
  92.185   71.179   71.185
 101.330  131.303  131.325
  91.653  154.418  154.451
 101.877   29.755   29.679
 106.503   28.558   28.435
  90.343   84.779   84.782
  92.005  113.220  113.224
 106.642   23.037   22.935
 105.843   29.793   29.751
  99.172   35.900   35.858
 111.112  133.931  133.943
 100.510  123.078  123.063
 103.602   84.138   84.138
 100.804   45.584   45.520
 100.590  100.669  100.645
 101.597  124.094  124.113
  98.130   27.920   27.793
  99.384   38.697   38.633
 109.036  110.828  110.810
  98.867   39.397   39.317
 100.446   45.020   44.979
 111.527   86.240   86.239
 101.537   66.075   66.056
 106.514  245.002  245.056
 107.654   85.341   85.340
  94.419   65.591   65.590
  90.193   24.941   24.823
  94.075   87.440   87.432
  97.880   26.107   25.985
  88.796   53.035   52.993
  84.919   92.337   92.339
  94.519   30.410   30.356
 101.210   42.405   42.385
 102.552   42.881   42.829
 100.963  157.565  157.590
 101.084   23.408   23.318
  86.478   86.107   86.104
  92.758   95.759   95.748
  90.135  187.370  187.408
 101.913   54.985   54.945
  82.114   21.969   21.878
 114.896  321.576  321.654
  93.699   92.251   92.253
 110.153  185.310  185.332
  99.177   99.199   99.191
  97.760   98.747   98.759
  92.766  170.015  170.052
 102.703  113.132  113.126
 105.951  142.502  142.520
  96.408  154.757  154.779
  85.871   27.266   27.198
 110.542   34.417   34.341
  99.155  140.755  140.773
 102.348  104.969  104.947
  93.406   48.979   48.955
 112.698   49.632   49.562
 110.147  113.678  113.686
 108.064   22.122   22.072
  97.578   63.108   63.097
  89.337   62.968   62.936
 114.879  229.333  229.378
  84.105   65.148   65.140
  97.445   98.734   98.745
 107.544   48.902   48.881
  94.899   28.568   28.508
 112.005  149.565  149.588
  99.628  140.699  140.703
  90.359   80.886   80.875
 103.608   94.850   94.855
 101.176   32.528   32.460
  90.914   32.202   32.106
  95.396  219.831  219.876
  93.607   91.965   91.975
  92.833   96.777   96.776
  98.375  120.758  120.763
 108.058   37.383   37.305
  91.214   30.803   30.758
  97.208   15.653   15.580
 105.050   93.583   93.580
 114.861   25.430   25.307
 102.234   24.931   24.874
  88.232  174.939  174.975
 100.003  112.926  112.916
  99.404   84.579   84.550
 100.926  161.963  161.975
  86.870  146.700  146.713
 118.661   24.155   24.035
 101.443   43.766   43.731
 104.295   83.184   83.177
 107.888   54.855   54.830
  92.896   27.526   27.440
 103.935  151.470  151.497
  94.800   16.540   16.467
  99.206   76.260   76.245
 101.526   44.810   44.722
 102.410  172.432  172.469
 101.006   29.672   29.614
 108.633   72.350   72.332
 102.961  117.746  117.752
 103.156  164.469  164.493
  84.862   94.132   94.112
  97.014  171.211  171.243
 116.266   86.996   86.978
  99.687   60.798   60.798
  90.306  202.568  202.605
 101.149  145.101  145.111
 107.745   87.175   87.152
  97.076   39.429   39.401
 103.315   68.176   68.124
  97.373   21.967   21.852
  92.410   18.203   18.123
  93.971   88.099   88.087
  95.215   41.282   41.250
  92.342   29.679   29.605
  93.481   24.233   24.133
 101.436   38.340   38.244
 100.904   76.637   76.628
  90.059   22.497   22.381
  97.721   52.189   52.160
 102.181   71.134   71.131
  96.985  130.869  130.882
 107.158  126.065  126.078
  89.114   96.251   96.263
  95.308   13.870   13.797
 104.234   20.508   20.427
  92.490   68.506   68.500
 104.438   71.022   70.992
  96.990   31.484   31.449
 100.010   25.783   25.701
 100.205   25.259   25.231
  97.025  100.279  100.272
  97.786   39.382   39.350
 109.826   32.553   32.423
  96.637  117.780  117.796
  94.190   28.208   28.170
 104.042   19.180   19.091
  98.607   23.597   23.475
  88.135   38.974   38.914
  91.481   58.833   58.805
 111.542  219.970  220.017
  91.636   85.510   85.516
 105.942  129.503  129.512
 108.606   76.659   76.608
 103.684  142.690  142.701
 114.960  159.991  160.021
 101.641   34.419   34.354
  92.212  196.531  196.573
 101.274   75.627   75.611
 104.540   30.952   30.932
 101.582  155.329  155.359
 108.801   67.688   67.680
 105.752   41.919   41.903
  93.208   26.903   26.840
  96.312   62.707   62.692
  87.956   49.263   49.238
 108.703  166.556  166.583
  97.931   30.665   30.559
  93.002   60.702   60.679
 107.509   73.969   73.940
  94.537  108.513  108.522
 116.994  132.167  132.177
 101.077   96.915   96.912
  89.066   33.928   33.895
 104.918   80.144   80.131
  97.941   72.445   72.414
  97.421   48.288   48.224
  91.585   68.488   68.490
 101.755   31.090   31.032
  97.260  133.336  133.341
  97.947   28.515   28.399
  94.144   66.758   66.758
 100.868   21.571   21.459
  89.462   39.201   39.151
 105.609   24.314   24.203
  97.441   84.732   84.716
 106.245  101.983  101.973
  89.749   20.857   20.807
  96.907   26.685   26.630
 106.263  121.131  121.147
 104.946   22.012   21.942
 116.926  208.742  208.783
 107.833  138.916  138.942
 104.809  169.344  169.370
  96.182  124.870  124.893
 106.793   29.366   29.286
  93.831   97.637   97.628
  99.813   52.330   52.288
 101.275  192.002  192.038
 108.916   24.532   24.419
 104.601   78.667   78.661
 101.861   60.305   60.263
  95.542  103.474  103.473
  82.876   21.973   21.883
  92.169   99.004   99.021
  98.752   78.517   78.506
  96.439  177.098  177.132
 115.042   80.444   80.431
  89.618   27.469   27.382
 105.203  191.826  191.867
  93.394   87.608   87.604
  99.355   19.375   19.287
 101.126   36.171   36.079
  96.991  129.359  129.375
  92.223   28.559   28.486
 103.609   65.747   65.696
  94.718  123.889  123.910
  93.881   57.313   57.278
  94.862   33.480   33.405
 108.801   30.324   30.181
  97.954   52.216   52.180
 108.194   88.151   88.147
  93.414  108.758  108.756
 101.375  101.446  101.444
  90.063   16.889   16.802
 108.362  138.826  138.824
  98.287   27.004   26.863
  97.128  101.626  101.625
 109.878   98.410   98.388
  94.626   69.265   69.242
 101.840   70.340   70.309
 102.680  216.825  216.863
 106.446   66.392   66.372
  93.344   34.367   34.322
  93.466   72.098   72.055
  94.253   58.548   58.513
  93.368   98.887   98.894
  83.982   24.872   24.742
 101.801   24.423   24.321
  96.649  194.482  194.522
 102.953  144.088  144.112
  92.344   76.338   76.306
  91.459   43.712   43.650
  89.232   35.832   35.800
 109.732  177.700  177.716
 109.652  108.571  108.555
  93.208   78.518   78.506
  94.392  161.671  161.705
 106.431   45.899   45.863
 106.940   63.881   63.824
  95.763  111.034  111.055
