    25.98080000     36.13250000     40.19420000     42.40450000     43.79830000     44.75860000     45.46080000     45.99680000     46.41940000     46.76120000     47.04340000     47.28040000 
    74.01920000     36.13250000     40.19420000     42.40450000     43.79830000     44.75860000     45.46080000     45.99680000     46.41940000     46.76120000     47.04340000     47.28040000 
    50.00000000     77.73500000     40.19420000     42.40450000     43.79830000     44.75860000     45.46080000     45.99680000     46.41940000     46.76120000     47.04340000     47.28040000 
    50.00000000     50.00000000     79.41740000     42.40450000     43.79830000     44.75860000     45.46080000     45.99680000     46.41940000     46.76120000     47.04340000     47.28040000 
    50.00000000     50.00000000     50.00000000     80.38220000     43.79830000     44.75860000     45.46080000     45.99680000     46.41940000     46.76120000     47.04340000     47.28040000 
    50.00000000     50.00000000     50.00000000     50.00000000     81.00870000     44.75860000     45.46080000     45.99680000     46.41940000     46.76120000     47.04340000     47.28040000 
    50.00000000     50.00000000     50.00000000     50.00000000     50.00000000     81.44850000     45.46080000     45.99680000     46.41940000     46.76120000     47.04340000     47.28040000 
    50.00000000     50.00000000     50.00000000     50.00000000     50.00000000     50.00000000     81.77440000     45.99680000     46.41940000     46.76120000     47.04340000     47.28040000 
    50.00000000     50.00000000     50.00000000     50.00000000     50.00000000     50.00000000     50.00000000     82.02560000     46.41940000     46.76120000     47.04340000     47.28040000 
    50.00000000     50.00000000     50.00000000     50.00000000     50.00000000     50.00000000     50.00000000     50.00000000     82.22520000     46.76120000     47.04340000     47.28040000 
    50.00000000     50.00000000     50.00000000     50.00000000     50.00000000     50.00000000     50.00000000     50.00000000     50.00000000     82.38750000     47.04340000     47.28040000 
    50.00000000     50.00000000     50.00000000     50.00000000     50.00000000     50.00000000     50.00000000     50.00000000     50.00000000     50.00000000     82.52220000     47.28040000 
    50.00000000     50.00000000     50.00000000     50.00000000     50.00000000     50.00000000     50.00000000     50.00000000     50.00000000     50.00000000     50.00000000     82.63570000 
    50.00000000     21.03170000     29.51630000     34.13340000     37.04500000     39.05100000     40.51790000     41.63760000     42.52040000     43.23450000     43.82390000     44.31890000 
    24.91270000     64.48410000     29.51630000     34.13340000     37.04500000     39.05100000     40.51790000     41.63760000     42.52040000     43.23450000     43.82390000     44.31890000 
    75.08730000     64.48410000     29.51630000     34.13340000     37.04500000     39.05100000     40.51790000     41.63760000     42.52040000     43.23450000     43.82390000     44.31890000 
    24.91270000     35.51590000     70.48370000     34.13340000     37.04500000     39.05100000     40.51790000     41.63760000     42.52040000     43.23450000     43.82390000     44.31890000 
    75.08730000     35.51590000     70.48370000     34.13340000     37.04500000     39.05100000     40.51790000     41.63760000     42.52040000     43.23450000     43.82390000     44.31890000 
    50.00000000     78.96830000     70.48370000     34.13340000     37.04500000     39.05100000     40.51790000     41.63760000     42.52040000     43.23450000     43.82390000     44.31890000 
    24.91270000     35.51590000     39.75820000     73.79990000     37.04500000     39.05100000     40.51790000     41.63760000     42.52040000     43.23450000     43.82390000     44.31890000 
    75.08730000     35.51590000     39.75820000     73.79990000     37.04500000     39.05100000     40.51790000     41.63760000     42.52040000     43.23450000     43.82390000     44.31890000 
    50.00000000     78.96830000     39.75820000     73.79990000     37.04500000     39.05100000     40.51790000     41.63760000     42.52040000     43.23450000     43.82390000     44.31890000 
    50.00000000     50.00000000     80.72550000     73.79990000     37.04500000     39.05100000     40.51790000     41.63760000     42.52040000     43.23450000     43.82390000     44.31890000 
    24.91270000     35.51590000     39.75820000     42.06670000     75.91000000     39.05100000     40.51790000     41.63760000     42.52040000     43.23450000     43.82390000     44.31890000 
    75.08730000     35.51590000     39.75820000     42.06670000     75.91000000     39.05100000     40.51790000     41.63760000     42.52040000     43.23450000     43.82390000     44.31890000 
    50.00000000     78.96830000     39.75820000     42.06670000     75.91000000     39.05100000     40.51790000     41.63760000     42.52040000     43.23450000     43.82390000     44.31890000 
    50.00000000     50.00000000     80.72550000     42.06670000     75.91000000     39.05100000     40.51790000     41.63760000     42.52040000     43.23450000     43.82390000     44.31890000 
    50.00000000     50.00000000     50.00000000     81.73320000     75.91000000     39.05100000     40.51790000     41.63760000     42.52040000     43.23450000     43.82390000     44.31890000 
    24.91270000     35.51590000     39.75820000     42.06670000     43.52250000     77.37240000     40.51790000     41.63760000     42.52040000     43.23450000     43.82390000     44.31890000 
    75.08730000     35.51590000     39.75820000     42.06670000     43.52250000     77.37240000     40.51790000     41.63760000     42.52040000     43.23450000     43.82390000     44.31890000 
    50.00000000     78.96830000     39.75820000     42.06670000     43.52250000     77.37240000     40.51790000     41.63760000     42.52040000     43.23450000     43.82390000     44.31890000 
    50.00000000     50.00000000     80.72550000     42.06670000     43.52250000     77.37240000     40.51790000     41.63760000     42.52040000     43.23450000     43.82390000     44.31890000 
    50.00000000     50.00000000     50.00000000     81.73320000     43.52250000     77.37240000     40.51790000     41.63760000     42.52040000     43.23450000     43.82390000     44.31890000 
    50.00000000     50.00000000     50.00000000     50.00000000     82.38750000     77.37240000     40.51790000     41.63760000     42.52040000     43.23450000     43.82390000     44.31890000 
    24.91270000     35.51590000     39.75820000     42.06670000     43.52250000     44.52550000     78.44630000     41.63760000     42.52040000     43.23450000     43.82390000     44.31890000 
    75.08730000     35.51590000     39.75820000     42.06670000     43.52250000     44.52550000     78.44630000     41.63760000     42.52040000     43.23450000     43.82390000     44.31890000 
    50.00000000     78.96830000     39.75820000     42.06670000     43.52250000     44.52550000     78.44630000     41.63760000     42.52040000     43.23450000     43.82390000     44.31890000 
    50.00000000     50.00000000     80.72550000     42.06670000     43.52250000     44.52550000     78.44630000     41.63760000     42.52040000     43.23450000     43.82390000     44.31890000 
    50.00000000     50.00000000     50.00000000     81.73320000     43.52250000     44.52550000     78.44630000     41.63760000     42.52040000     43.23450000     43.82390000     44.31890000 
    50.00000000     50.00000000     50.00000000     50.00000000     82.38750000     44.52550000     78.44630000     41.63760000     42.52040000     43.23450000     43.82390000     44.31890000 
    50.00000000     50.00000000     50.00000000     50.00000000     50.00000000     82.84690000     78.44630000     41.63760000     42.52040000     43.23450000     43.82390000     44.31890000 
    24.91270000     35.51590000     39.75820000     42.06670000     43.52250000     44.52550000     45.25900000     79.26850000     42.52040000     43.23450000     43.82390000     44.31890000 
    75.08730000     35.51590000     39.75820000     42.06670000     43.52250000     44.52550000     45.25900000     79.26850000     42.52040000     43.23450000     43.82390000     44.31890000 
    50.00000000     78.96830000     39.75820000     42.06670000     43.52250000     44.52550000     45.25900000     79.26850000     42.52040000     43.23450000     43.82390000     44.31890000 
    50.00000000     50.00000000     80.72550000     42.06670000     43.52250000     44.52550000     45.25900000     79.26850000     42.52040000     43.23450000     43.82390000     44.31890000 
    50.00000000     50.00000000     50.00000000     81.73320000     43.52250000     44.52550000     45.25900000     79.26850000     42.52040000     43.23450000     43.82390000     44.31890000 
    50.00000000     50.00000000     50.00000000     50.00000000     82.38750000     44.52550000     45.25900000     79.26850000     42.52040000     43.23450000     43.82390000     44.31890000 
    50.00000000     50.00000000     50.00000000     50.00000000     50.00000000     82.84690000     45.25900000     79.26850000     42.52040000     43.23450000     43.82390000     44.31890000 
    50.00000000     50.00000000     50.00000000     50.00000000     50.00000000     50.00000000     83.18730000     79.26850000     42.52040000     43.23450000     43.82390000     44.31890000 
    24.91270000     35.51590000     39.75820000     42.06670000     43.52250000     44.52550000     45.25900000     45.81880000     79.91830000     43.23450000     43.82390000     44.31890000 
    75.08730000     35.51590000     39.75820000     42.06670000     43.52250000     44.52550000     45.25900000     45.81880000     79.91830000     43.23450000     43.82390000     44.31890000 
    50.00000000     78.96830000     39.75820000     42.06670000     43.52250000     44.52550000     45.25900000     45.81880000     79.91830000     43.23450000     43.82390000     44.31890000 
    50.00000000     50.00000000     80.72550000     42.06670000     43.52250000     44.52550000     45.25900000     45.81880000     79.91830000     43.23450000     43.82390000     44.31890000 
    50.00000000     50.00000000     50.00000000     81.73320000     43.52250000     44.52550000     45.25900000     45.81880000     79.91830000     43.23450000     43.82390000     44.31890000 
    50.00000000     50.00000000     50.00000000     50.00000000     82.38750000     44.52550000     45.25900000     45.81880000     79.91830000     43.23450000     43.82390000     44.31890000 
    50.00000000     50.00000000     50.00000000     50.00000000     50.00000000     82.84690000     45.25900000     45.81880000     79.91830000     43.23450000     43.82390000     44.31890000 
    50.00000000     50.00000000     50.00000000     50.00000000     50.00000000     50.00000000     83.18730000     45.81880000     79.91830000     43.23450000     43.82390000     44.31890000 
    50.00000000     50.00000000     50.00000000     50.00000000     50.00000000     50.00000000     50.00000000     83.44970000     79.91830000     43.23450000     43.82390000     44.31890000 
    24.91270000     35.51590000     39.75820000     42.06670000     43.52250000     44.52550000     45.25900000     45.81880000     46.26020000     80.44490000     43.82390000     44.31890000 
    75.08730000     35.51590000     39.75820000     42.06670000     43.52250000     44.52550000     45.25900000     45.81880000     46.26020000     80.44490000     43.82390000     44.31890000 
    50.00000000     78.96830000     39.75820000     42.06670000     43.52250000     44.52550000     45.25900000     45.81880000     46.26020000     80.44490000     43.82390000     44.31890000 
    50.00000000     50.00000000     80.72550000     42.06670000     43.52250000     44.52550000     45.25900000     45.81880000     46.26020000     80.44490000     43.82390000     44.31890000 
    50.00000000     50.00000000     50.00000000     81.73320000     43.52250000     44.52550000     45.25900000     45.81880000     46.26020000     80.44490000     43.82390000     44.31890000 
    50.00000000     50.00000000     50.00000000     50.00000000     82.38750000     44.52550000     45.25900000     45.81880000     46.26020000     80.44490000     43.82390000     44.31890000 
    50.00000000     50.00000000     50.00000000     50.00000000     50.00000000     82.84690000     45.25900000     45.81880000     46.26020000     80.44490000     43.82390000     44.31890000 
    50.00000000     50.00000000     50.00000000     50.00000000     50.00000000     50.00000000     83.18730000     45.81880000     46.26020000     80.44490000     43.82390000     44.31890000 
    50.00000000     50.00000000     50.00000000     50.00000000     50.00000000     50.00000000     50.00000000     83.44970000     46.26020000     80.44490000     43.82390000     44.31890000 
    50.00000000     50.00000000     50.00000000     50.00000000     50.00000000     50.00000000     50.00000000     50.00000000     83.65810000     80.44490000     43.82390000     44.31890000 
    24.91270000     35.51590000     39.75820000     42.06670000     43.52250000     44.52550000     45.25900000     45.81880000     46.26020000     46.61720000     80.88030000     44.31890000 
    75.08730000     35.51590000     39.75820000     42.06670000     43.52250000     44.52550000     45.25900000     45.81880000     46.26020000     46.61720000     80.88030000     44.31890000 
    50.00000000     78.96830000     39.75820000     42.06670000     43.52250000     44.52550000     45.25900000     45.81880000     46.26020000     46.61720000     80.88030000     44.31890000 
    50.00000000     50.00000000     80.72550000     42.06670000     43.52250000     44.52550000     45.25900000     45.81880000     46.26020000     46.61720000     80.88030000     44.31890000 
    50.00000000     50.00000000     50.00000000     81.73320000     43.52250000     44.52550000     45.25900000     45.81880000     46.26020000     46.61720000     80.88030000     44.31890000 
    50.00000000     50.00000000     50.00000000     50.00000000     82.38750000     44.52550000     45.25900000     45.81880000     46.26020000     46.61720000     80.88030000     44.31890000 
    50.00000000     50.00000000     50.00000000     50.00000000     50.00000000     82.84690000     45.25900000     45.81880000     46.26020000     46.61720000     80.88030000     44.31890000 
    50.00000000     50.00000000     50.00000000     50.00000000     50.00000000     50.00000000     83.18730000     45.81880000     46.26020000     46.61720000     80.88030000     44.31890000 
    50.00000000     50.00000000     50.00000000     50.00000000     50.00000000     50.00000000     50.00000000     83.44970000     46.26020000     46.61720000     80.88030000     44.31890000 
    50.00000000     50.00000000     50.00000000     50.00000000     50.00000000     50.00000000     50.00000000     50.00000000     83.65810000     46.61720000     80.88030000     44.31890000 
    50.00000000     50.00000000     50.00000000     50.00000000     50.00000000     50.00000000     50.00000000     50.00000000     50.00000000     83.82770000     80.88030000     44.31890000 
    24.91270000     35.51590000     39.75820000     42.06670000     43.52250000     44.52550000     45.25900000     45.81880000     46.26020000     46.61720000     46.91200000     81.24630000 
    75.08730000     35.51590000     39.75820000     42.06670000     43.52250000     44.52550000     45.25900000     45.81880000     46.26020000     46.61720000     46.91200000     81.24630000 
    50.00000000     78.96830000     39.75820000     42.06670000     43.52250000     44.52550000     45.25900000     45.81880000     46.26020000     46.61720000     46.91200000     81.24630000 
    50.00000000     50.00000000     80.72550000     42.06670000     43.52250000     44.52550000     45.25900000     45.81880000     46.26020000     46.61720000     46.91200000     81.24630000 
    50.00000000     50.00000000     50.00000000     81.73320000     43.52250000     44.52550000     45.25900000     45.81880000     46.26020000     46.61720000     46.91200000     81.24630000 
    50.00000000     50.00000000     50.00000000     50.00000000     82.38750000     44.52550000     45.25900000     45.81880000     46.26020000     46.61720000     46.91200000     81.24630000 
    50.00000000     50.00000000     50.00000000     50.00000000     50.00000000     82.84690000     45.25900000     45.81880000     46.26020000     46.61720000     46.91200000     81.24630000 
    50.00000000     50.00000000     50.00000000     50.00000000     50.00000000     50.00000000     83.18730000     45.81880000     46.26020000     46.61720000     46.91200000     81.24630000 
    50.00000000     50.00000000     50.00000000     50.00000000     50.00000000     50.00000000     50.00000000     83.44970000     46.26020000     46.61720000     46.91200000     81.24630000 
    50.00000000     50.00000000     50.00000000     50.00000000     50.00000000     50.00000000     50.00000000     50.00000000     83.65810000     46.61720000     46.91200000     81.24630000 
    50.00000000     50.00000000     50.00000000     50.00000000     50.00000000     50.00000000     50.00000000     50.00000000     50.00000000     83.82770000     46.91200000     81.24630000 
    50.00000000     50.00000000     50.00000000     50.00000000     50.00000000     50.00000000     50.00000000     50.00000000     50.00000000     50.00000000     83.96830000     81.24630000 
