-3.85301900e+00
-1.19596200e+02
-1.39924093e+02
-1.82124930e+01
 2.21790698e+02
-2.29951345e+02
-6.63263401e+01
 2.74885706e+01
-9.60169305e+01
 4.69678895e+01
-3.52442035e+02
-5.55048698e+01
-1.18112221e+02
 3.09864193e+02
 1.53040326e+01
 2.91193659e+02
 2.19017369e+02
 2.51145970e+02
 4.72568326e+01
 1.00939328e+02
-2.97075922e+01
 2.24833594e+01
-4.30232930e+01
 1.17149421e+02
 8.78615429e+00
-1.23668153e+01
 1.55148913e+02
-2.25475520e+02
-4.79415893e+01
-1.94502851e+02
 1.83215383e+02
 6.43334608e+01
-7.78636838e+01
-2.21815441e+02
-1.56196241e+02
 6.52281966e+01
-2.56289841e+02
-9.21712260e+01
 1.95831957e+02
 6.28643734e+01
 1.72028731e+02
 1.54038080e+02
 4.92973037e+02
-6.30890823e+01
-2.39203396e+01
 9.96359466e+01
-7.82659982e+01
 9.89581353e+01
 2.99530141e+02
-8.35019237e+01
-2.14762802e+01
-6.16733003e+01
-2.35787702e+02
-4.85634568e+02
-4.01414410e+02
 1.30768783e+02
 1.89561679e+02
 9.38685774e+01
-1.19603058e+02
-2.32607689e+02
 2.30404086e+01
 2.16962226e+02
-9.68381840e+01
-8.43642852e+01
 9.75237810e+00
-2.05939854e+00
 2.48944209e+01
-2.11226029e+02
-2.32288756e+01
 7.57582435e+01
-8.80904975e+01
-3.11502863e+02
 1.87883294e+02
 4.30185865e+02
-1.50658569e+01
-3.74741787e+01
-1.41311960e+02
-1.44663107e+02
-1.52949683e+01
 3.36609733e+01
 3.94077937e+01
-1.16456440e+02
-2.93477686e+01
-1.11176431e+02
 8.17803881e+01
-2.61670523e+02
 1.43547374e+02
 3.25005568e+02
 4.43462747e+02
-1.64384224e+02
-9.44767729e-01
 7.76943632e+01
-1.32514258e+02
 1.99006120e+02
-1.69156756e+02
 5.52840821e+01
-2.42968289e+02
-6.07711989e+01
 1.43226729e+02
 2.09064514e+02
-9.61884529e+01
 1.11082794e+02
 1.49477663e+02
 3.48210716e+02
 8.51661328e+01
-8.38918495e+00
 8.68529771e+01
-4.52411745e+01
-2.00433226e+02
-3.65790194e+02
-1.56834167e+02
-9.97671720e+01
-2.45460340e+02
 3.48637772e+01
-9.10855244e+01
 2.72759171e+02
 1.44283451e+02
 2.42106719e+02
 9.02298869e+01
-4.30542397e+02
-3.90031634e+02
 3.45674487e+02
-1.85332334e+02
-1.08769765e+01
 1.80832410e+02
 1.42255124e+02
