-9.80216259e+00
-9.85910788e+01
-1.11073952e+02
-5.99812209e+01
 2.42733881e+02
-2.15329559e+01
-4.06331091e+00
-2.50210550e+01
-2.04246412e+01
 3.42102411e+00
-7.57436300e+01
-1.26952329e+01
-5.00396519e+01
 5.98603632e+01
 2.11382484e+01
 2.30813070e+01
 6.92814322e+01
 1.20108299e+02
-4.97884737e+01
-5.22064533e+01
 2.01688959e+01
 8.81640267e-01
 2.09530870e+02
 1.38427178e+02
-1.45190535e+01
-1.20044884e+02
-6.78894424e+01
-2.25949118e+01
 3.48706193e+01
 1.29452397e+01
-4.34700126e+01
 1.33135036e+02
-6.81811991e+01
-5.04237757e+01
-1.27379074e+02
-1.48614113e+00
-3.01731850e+02
-1.36466944e+02
-7.57400309e+01
-5.72840890e+01
-1.04700144e+02
 2.08012802e+02
-4.40804826e+01
-8.55594564e+01
-1.55399893e+02
-2.39314673e+01
-5.91415384e+01
-2.11661592e+01
 5.68663677e+01
 7.25400347e+01
-3.26515535e+01
 2.49485415e+02
-4.31779509e+01
-1.30043589e+02
-4.69474283e+00
 1.79545976e+01
-2.86255211e+01
-1.51959707e+01
-8.26398710e+01
-8.34592348e+01
 8.96451365e+01
 2.09246197e+01
 6.81079643e+01
-1.70076948e+01
-2.62691640e+02
 1.79927468e+01
-8.47309679e+00
-1.98182482e+01
-1.59445127e+02
-6.23352089e+01
 3.40506272e+01
-6.59640842e+01
 1.47589379e+02
 5.29422993e+01
 6.98739163e+01
 1.38916832e+01
 6.34989673e+01
-1.08850510e+02
 1.58686419e+01
-7.75134751e+01
 5.06020601e+01
-3.39637042e+01
-1.11434217e+01
-9.88375545e+01
-1.74497162e+02
-8.79333924e+01
 6.59143140e+01
-5.33605119e+01
 2.75357310e+01
-2.57558674e+01
 1.02489647e+02
-9.00177007e+01
 1.25658715e+02
-2.50247862e+01
-2.15743398e+01
 4.30482138e+01
-9.07351779e+01
 5.13717588e+01
 1.89761356e+01
-9.06430055e+00
-2.47800363e+00
-1.16940206e+01
 1.95168694e+01
 2.59110092e+01
 1.15252962e+02
 9.22686418e+01
 1.17483018e+02
 1.13823444e+02
-2.71384517e+02
 5.17087485e+01
-2.88747974e+00
-1.21098776e+02
 5.78604768e+01
-6.65788463e+01
-7.16421580e+01
 6.92430529e+01
-3.03497114e+00
-9.71521424e+01
 2.71293260e+01
 8.81914170e+01
 3.13687217e+01
 1.37826177e+01
 1.61873835e+01
 5.79054811e+01
 6.21776780e+01
 6.41304398e+01
