-1.17109107e+01
-8.78883815e+01
-1.06570399e+02
-8.03929504e+01
 2.52755171e+02
 2.72740384e+01
-3.70317444e+01
-2.05270568e+01
 8.35353879e+01
 2.25289104e+01
 5.66433219e+01
-6.95393913e-01
-6.28833577e+01
-2.93810700e+01
-8.67872832e+00
 1.43877488e+01
 5.03825062e+01
-3.83613715e+01
-8.30944354e+01
 1.88348041e+01
-1.90959773e+01
-1.74844211e+01
-8.61741322e+01
 3.11959718e+01
 2.22164646e+01
-6.33590842e+01
-2.39572557e+00
 3.40336906e+01
-7.46443550e+01
 6.69130972e+01
-4.16369173e+01
 9.64421460e+01
 1.24611422e+01
 5.98655206e+01
-4.21597903e+01
-7.66388899e+01
-9.43976915e+01
-5.02443323e+01
 6.68312571e+01
 2.98602279e+01
 5.59586659e+00
 3.14303133e+01
-3.70910299e+01
-5.79336020e+00
 4.62917123e+00
 8.85606934e+01
 7.09715583e+00
 5.69097629e+01
 2.84834909e+01
-5.21596551e+01
 2.52190397e+01
-1.46797782e+02
 4.00597470e+01
-5.87668712e+01
-2.40133187e+01
-3.50815944e+01
 2.69281890e+01
-8.24688099e+01
 1.07030892e+02
 4.12011638e+01
 7.83542504e+00
 7.40639690e+01
-5.34753932e+01
 1.30634337e+02
 9.19125226e+01
 6.26522348e+01
-4.96201432e+01
-5.41453138e+01
 8.04211407e+00
 1.60759174e+01
 8.86275938e+01
 3.37046311e+01
-4.00789213e+01
-5.27284335e+00
-6.58292531e+01
-6.68800009e+00
-4.61901465e+01
 8.10025643e+00
-8.22894160e+01
-5.90862563e+00
 8.45288981e+01
-5.10228603e+01
-4.96818227e+01
-9.44765984e+00
 7.70716484e+01
 4.72164457e+01
 1.69433508e+01
-3.13510730e+01
 6.36333100e+01
 3.64155611e+01
 8.18834053e+01
-2.64149460e+01
-7.83407979e+01
 4.55147539e+00
 1.08012471e+02
 1.20617092e+02
-2.13182536e+01
 7.04070989e+01
-9.39025261e-02
 8.76143906e+01
-5.03922019e+01
-1.27011881e+02
 3.87663437e+01
-7.60290832e+00
 9.77173523e+01
-3.92459671e+01
-3.05349297e+01
 4.44436345e+01
 4.93488522e+01
-1.92562262e+01
-5.44182418e+01
-4.24691242e+01
-1.11631966e+02
-7.96897623e+01
 8.42613990e+01
-8.33822542e+01
 2.33401579e+01
 1.46988885e+01
 6.13221734e+00
-7.02391665e+01
 9.67306059e+01
 3.83569323e+01
 2.83407089e+01
 4.74720190e+01
-5.07863041e+01
 2.37179799e+01
