-1.25880158e+01
-1.06960884e+02
-9.46444219e+01
-7.93659353e+01
 2.31391233e+02
-4.86061455e+01
-8.62662947e+01
 3.03002455e+00
-2.16480254e+01
 1.76491396e+02
 2.48775272e+01
-5.43188852e+00
 1.44478513e+02
-1.49018639e+01
 1.15563514e+02
 6.43998641e+01
 1.03780281e+02
 4.81092481e+01
 4.00382472e+02
-8.09416283e+01
-2.83714749e+01
 2.26718221e+02
 1.51850844e+02
 3.17303758e+02
-1.81352054e+01
 6.43554947e+01
 5.67921812e+01
-3.09225022e+01
-7.40691218e+01
-1.80032113e+02
-1.62598331e+02
 1.87552601e+02
-6.47603465e+01
 2.56941727e+01
-2.58526545e+01
-1.61290720e+01
-4.14994284e+02
 1.98683529e+02
 2.78390960e+02
-1.95827445e+02
 1.78511481e+02
 4.92984496e+01
 2.78360206e+02
 8.32267628e+01
 2.61809327e+02
-1.29385827e+02
-1.58110162e+02
-1.66892253e+01
-1.35042247e+02
 4.17115807e+02
 1.89008142e+02
 3.59753134e+01
 1.05291882e+02
-2.07710197e+01
 1.06689586e+01
 1.49536818e+02
-6.74472516e+00
-6.40950856e+01
 6.84776530e+01
-1.27809867e+02
-1.43614877e+02
-1.72355729e+02
 4.14992316e+01
 1.52436370e+01
-7.47888924e+01
-1.02015542e+02
 7.67861322e+01
-1.80663411e+02
 4.09762831e+00
 2.39167042e+02
 1.24150182e+02
-3.30326607e+02
 2.12808600e+02
-1.91921094e+02
-7.99869440e+01
-8.87792204e+01
-2.11437229e+01
-9.24304119e+01
-2.25276130e+02
 1.47031679e+01
 2.51149189e+02
 7.33426211e+00
 1.75480464e+02
 1.20022694e+02
-1.63474029e+02
-1.28031700e+02
 1.12007748e+02
 1.68690645e+02
-8.65004030e+01
-1.63619891e+02
 1.40852028e+02
 1.64273097e+02
 1.63053506e+02
-1.23352230e+02
 8.49844434e+01
-9.10399374e+01
-1.22946372e+02
 3.79151370e+02
-1.35283762e+02
-2.44911926e+01
 3.85595576e+01
 1.19483494e+02
-2.07428814e+02
 1.24833267e+02
 5.06055501e+01
 2.10327582e+02
 3.66486452e+01
 1.79615166e+02
 7.80074923e+01
 3.34233358e+02
-1.80069009e+02
 1.58174867e+02
-3.03750109e+02
 2.07924111e+02
-6.50458727e+01
 1.02289138e+02
 1.38719430e+02
-2.25992060e+02
 5.96570198e+01
-3.43295633e+01
 2.15620266e+02
 1.17597166e+01
 5.49737081e+01
 7.89590780e+01
 5.68846808e+01
-2.17202234e+02
