-1.17854543e+01
-9.49755322e+01
-1.18542383e+02
-8.18936439e+01
 2.52679740e+02
 2.77422667e+00
-4.89318966e+01
-8.62376260e+00
-6.56959261e+00
-2.02806601e+01
 6.42285431e+01
 1.26887794e+01
-1.01812898e+02
-2.89439118e+01
-1.32775459e+01
-2.81242273e+01
 7.19037826e+01
 1.58245807e+01
 4.98480930e+01
-3.13529390e+00
-9.12949688e+01
-2.04633273e+00
 3.35714593e+01
 4.70118714e+01
 2.59064968e+01
-2.01603735e+01
-4.41293524e+01
-7.68246077e+00
-6.35163245e+01
 5.34893849e+01
-3.68422266e+01
-2.92301353e+01
-4.55018509e+00
 7.29990090e+01
 6.58039246e+00
-3.25407700e+00
-5.36520133e+01
 1.09607649e+00
 7.38724548e+01
 2.23550189e+01
 3.90611641e+01
 1.65038628e+01
 7.51137424e+01
 5.74999256e+01
-7.53318481e+01
-2.10664385e+01
 7.00382813e+01
 8.10737618e+01
 6.81136775e+01
 6.86763967e+01
 1.22187257e+01
-2.73024175e+01
 5.52381576e+01
 1.15138193e+01
 8.66532459e+01
 8.95173752e+01
-1.69152343e+01
 4.04132121e+01
 2.33731702e+01
 9.69911303e-01
-9.21378575e+01
 4.23825197e+01
 1.67144383e+02
-1.48214125e+01
-3.82044617e+01
-6.16185494e+01
 4.80549864e+01
 3.28500772e+01
-3.63451219e+01
-3.73028614e+01
 1.67210408e+02
-1.01308737e+01
-4.24639321e+01
 9.72051047e+01
-3.29693978e+01
 1.05409289e+01
 5.08865513e+01
 6.73716529e+01
-4.16027751e+01
-3.06308970e-01
 4.25839493e+01
 1.26508031e+02
 1.24031845e+02
-1.48022043e+02
 2.07310051e+01
 6.17277726e+01
-3.12309050e+01
 9.10315288e+01
 9.07313824e+01
-4.48490300e+01
 1.31224169e+00
-3.70923857e+01
-4.03707920e+01
 1.81352326e+00
-5.96388658e+00
 8.32964531e+01
 1.19968422e+01
 8.63523197e+01
 8.55574824e+01
 8.05263141e+01
 1.77582992e+01
-4.96128879e+01
-3.81083319e+01
-9.28719569e+00
 6.51033768e-01
-3.27938682e+00
-6.65142045e+01
-7.08381407e-01
-3.27720163e+01
 1.07238639e+02
 8.17316399e+01
 4.37723017e+01
-4.49750757e+01
 3.59599164e+01
 6.55168574e+01
 1.32279021e+02
 3.68991100e+01
 1.82090093e+02
 6.37371567e+01
-7.50500652e+01
-5.72750143e+01
-2.47619636e+01
-6.60349781e+01
 1.58267771e+01
-1.29900150e+01
 5.35543594e+01
