-1.05115564e+01
-9.81809704e+01
-1.16557206e+02
-7.75003272e+01
 2.50225013e+02
-2.24306070e+01
-6.47585138e+01
-2.24497320e+01
 4.36081202e+00
-2.15540441e+01
 8.80250256e+00
 1.03589916e+01
-6.70419842e+01
-2.51748509e+01
-3.23360874e+01
-8.79051682e+00
-8.63533725e+00
 3.16032888e+01
 4.77379199e+01
 5.51300411e+01
-2.65134559e+01
-1.02032924e+01
-1.04925391e+01
 7.19757828e+01
 3.11405693e+01
-5.99921874e+01
-8.31661853e+00
 5.12442177e+01
 1.86900632e+01
 6.88726525e+01
-7.32653418e+01
 2.72635366e+01
 6.84180000e+01
 1.14492158e+02
 4.52341272e+01
 6.52930031e+01
-3.42134275e+01
 2.61263178e+01
-2.82908851e+01
-3.64094162e+01
 6.86054430e+01
-9.04137853e+00
-3.78930618e+01
 3.17363427e+01
-7.71496783e+00
-5.36485651e+01
-5.91491344e-01
 2.37298833e+01
-5.73859393e+00
 2.21809197e+01
 7.12694461e+01
-2.10085352e+01
-4.73971235e+01
 1.89570128e+01
 3.55399193e+01
-5.23304717e+01
 4.57623909e+01
 7.13587355e+01
 2.28599356e+01
-1.89403500e+01
-4.35838921e+01
 5.42436067e+01
-5.42869980e+01
 1.03353687e+02
-7.40458649e+01
 5.45140165e+01
 7.23175712e+01
 9.66324913e+01
-1.46805896e+01
 1.80135119e+00
 5.47507200e+01
-5.85969242e+00
-2.29537105e+01
-7.41810160e+00
-5.01792436e+01
 2.12677119e+01
 1.04308685e+01
-2.79428827e+01
-4.36917864e+01
-6.89943097e+01
 3.23299070e+00
 6.24850913e+01
 1.14044388e+01
 3.15547715e+01
-3.10013193e+01
 3.54378637e+01
 2.49993400e+01
 8.97451249e+01
 3.88621340e+01
 1.11309172e+00
 3.41763281e+01
-5.62755606e+01
 6.14560423e+01
-4.20770501e+01
 8.47442626e+01
-1.75969632e+01
 7.01127786e+01
-2.71787511e+01
 2.37769384e+01
-1.48268441e+01
-4.03369996e+01
-1.10220058e+02
-6.47444593e+01
 1.08910874e+01
-1.69849021e+01
-2.86948963e+01
 3.03632926e+01
-1.24981526e+01
 3.48927394e+01
-1.28189447e+01
 2.94410272e+01
 3.99451686e+00
-2.23539180e+01
 1.88002890e+01
-2.90479851e+01
-2.70894368e+01
-1.01681378e+00
-6.88004575e+01
 1.09914995e+02
-3.49643660e+01
-1.22324148e+01
-4.09327830e+01
 2.65261940e+01
-4.08350835e+01
 4.04981818e+01
 4.87932348e+01
