-9.24688761e+00
-9.06545386e+01
-1.15806421e+02
-7.42472533e+01
 2.35963021e+02
-1.29825374e+02
 3.61629930e+01
 6.85439614e-01
-1.07864304e+01
 8.68986211e+01
-9.22808024e+01
-4.67558525e+00
-1.09643579e+02
-7.63604224e+01
 2.56503635e+01
 1.04083089e+02
-2.59441254e+01
 1.25859415e+02
-3.81663538e+01
-2.57241400e+02
-7.18570093e+01
 8.94180604e+01
 1.73287462e+02
-8.86511449e+00
 2.54796582e+02
-1.84705563e+02
-1.83435469e+02
-1.36485702e+01
 3.07612845e+01
-1.28146206e+01
 1.27851949e+02
-4.10997109e+01
 4.37502445e+01
 8.05878571e+00
 1.71174577e+00
-2.06278234e+02
-1.29220575e+02
 5.61413727e+01
 7.59530314e+01
 1.53469461e+02
 1.23468429e+02
 1.15398640e+02
-2.11938101e+02
 1.61255242e+02
-8.50086308e+01
-6.69638873e+01
 1.34831490e+02
 2.14948787e+02
-4.57717784e+00
-1.24930697e+02
-3.62384510e+02
-3.71749333e+01
 2.19149967e+02
-1.29796063e+02
 1.27572595e+02
 1.20716963e+01
-1.08449966e+01
-4.20407941e+01
 8.93594340e+01
 1.33250828e+02
-8.12916372e+01
-5.69602410e+01
-9.92330656e+01
 1.70674191e+02
-2.34451878e+02
-2.91631887e+01
-2.67559876e+02
-2.16829911e+02
-8.14068978e+01
-3.67397879e+01
-1.92843480e+01
 4.81298885e+01
-1.45733535e+02
 4.66925822e+01
-4.16267264e+01
-6.57341315e+00
-1.02086847e+02
-1.69287065e+02
-4.08372230e+01
 1.39288477e+02
 9.78365815e+01
 7.66435948e+01
 4.34873395e+01
-2.91345219e+02
 1.61681348e+02
 6.99379680e+01
 3.28495818e+01
 4.44928815e+00
 1.71456268e+02
-1.34516576e+01
 1.01118946e+01
 9.58040864e+01
 1.15703221e+02
 2.52067674e+02
-3.90585362e+01
 7.58798088e+00
 3.25475564e+01
 1.52403104e+02
 9.13705567e+00
 1.44247653e+02
-1.04026874e+02
-6.41406915e+01
 6.37130715e+00
 2.71884242e+01
-1.14592117e+02
-7.90265684e+01
 3.65592001e+01
 1.16363794e+02
-2.30786810e+02
-1.85374795e+02
-4.58604796e+01
 9.79884423e+01
 1.11891032e+02
 1.35816725e+02
-1.38029570e+02
 1.46398283e+02
-7.87240605e+01
-7.57009198e+00
 3.64952117e+01
 1.08030898e+01
-6.32456048e+01
 1.38585209e+02
 1.86171141e+02
-3.14400288e+01
-1.99670393e+02
 4.47580946e+01
