-9.67797093e+00
-9.28036920e+01
-1.00215113e+02
-6.17761818e+01
 2.23666446e+02
-9.31663222e+01
-5.18738010e+01
 3.55258884e+01
 1.23413366e+02
 1.05567273e+02
-8.44086184e+01
-1.07406666e+02
 1.67038159e+02
-2.22567802e+00
 7.49972152e+01
-8.29396640e+01
 4.90143640e+01
 8.74995030e+01
-1.22729090e+02
 1.17371282e+02
-6.23914550e+01
-1.17032624e+02
 8.18567909e+01
 1.98355361e+01
-2.19069693e+02
 2.39496247e+02
-2.73474301e+01
 8.36232009e+01
 1.69934717e+02
 2.52248151e+01
 1.11607218e+02
-5.87592526e+01
-2.59987178e+02
 5.00613492e+02
 1.72604933e+02
 7.11973918e+01
 2.03471724e+02
 3.80872666e+01
 1.70923669e+02
-1.42643259e+02
 9.09377984e+01
-1.27834610e+02
 1.33449395e+01
-1.97862437e+02
 2.11831240e+02
-5.10730343e+00
-3.82889439e+01
 4.28487456e+01
-1.65371347e+02
-3.10034215e+01
-4.26015641e+01
-1.17885470e+02
 4.43604373e+02
 1.46854621e+02
-7.64220586e+01
 1.00652919e+02
 9.87682370e+01
 1.77278236e+02
-2.72748241e+02
 1.10170396e+02
-3.00113530e+02
 2.40915462e+02
-2.63914593e+02
 1.67227896e+02
-5.66091855e+01
-3.15751961e+02
 9.21776061e+01
-2.36883621e+01
-1.81896326e+02
-1.12077363e+02
-4.05335596e+01
-5.05512849e+01
-1.76802948e+02
 4.41303623e+01
-1.15298073e+02
-1.89969215e+01
 8.21781766e+01
 1.75151283e+02
 1.04988328e+02
 8.34703937e+01
-4.53689549e+02
 3.97776335e+01
 4.01025000e+01
-1.59120659e+02
-6.44137007e+01
-2.21805205e+02
-5.68567230e+00
-1.63368066e+02
-2.55835411e+02
-6.55863072e+01
-8.54969647e+01
 4.84220548e+01
 3.16609825e+02
 1.07735845e+02
-1.73203129e+02
 9.92086466e+00
-1.72202402e+02
-4.09247332e+02
-1.35901388e+02
 9.80787522e+01
-2.60967706e+02
 3.40507120e+02
-2.33176847e+02
 2.73724466e+02
-1.96982855e+02
 3.52545833e+01
 1.75426431e+02
 6.16499177e+01
-7.12476388e+01
 1.31315207e+02
 4.68168253e+01
 6.25633521e+02
 5.90205740e+01
 8.06033403e+01
 3.49147863e+02
 2.43655158e+02
 1.54058099e+02
-3.43664137e+01
 3.17316042e+02
 1.16445724e+02
-3.87280369e+01
 2.67464902e+02
-3.77630730e+01
-3.33552903e+02
 2.92326608e+01
-8.81990303e+01
