 0  3.70998
 1  3.44381
 2  3.54021
 3  3.48513
 4  3.43044
 5  3.8792
 6  3.49045
 7  3.50719
 8  3.39291
 9  4.1525
10  3.62229
11  3.59113
12  3.36696
13  3.58283
14  3.05971
15  3.41937
16  3.69439
17  3.36599
18  3.74236
19  3.41496
20  3.68951
21  3.71644
22  3.71481
23  3.91623
24  3.52282
25  3.97931
26  3.33337
27  4.11125
28  3.39283
29  3.34604
30  3.6773
31  3.58335
32  4.05005
33  3.1373
34  3.3987
35  4.06139
36  3.69473
37  3.53739
38  3.84917
39  3.86044
40  3.45671
41  3.62893
42  3.66018
43  3.68418
44  3.55331
45  3.4568
46  3.74296
47  3.75253
48  3.55339
49  3.47979
50  3.22046
51  3.41747
52  3.86871
53  3.65997
54  3.73855
55  4.01131
56  3.59482
57  3.86843
58  3.33791
59  3.63114
60  4.38461
61  3.39852
62  3.69664
63  2.93993
64  3.49477
65  3.52427
66  3.91621
67  3.85465
68  3.58226
69  3.74248
70  3.61785
71  3.81521
72  3.87849
73  3.4306
74  4.00787
75  3.41931
76  3.84066
77  4.24834
78  4.13888
79  3.82898
80  3.90592
81  3.46077
82  3.37802
83  3.65156
84  3.56111
85  3.4293
86  3.91145
87  0.0621671
88  3.60757
89  3.49513
90  3.78821
