 0  2.86232
 1  3.35146
 2  2.94275
 3  3.09891
 4  3.52734
 5  3.03881
 6  3.92059
 7  3.51937
 8  3.33993
 9  2.91425
10  3.45117
11  3.27933
12  2.88403
13  3.3518
14  2.70087
15  3.17206
16  3.2611
17  3.30905
18  3.2959
19  2.54439
20  3.05178
21  3.19898
22  3.02729
23  2.84969
24  3.18979
25  3.28054
26  3.01664
27  3.11384
28  3.38815
29  3.12637
30  3.32468
31  2.71978
32  2.53848
33  3.40484
34  3.30375
35  3.17726
36  3.01473
37  2.9316
38  2.65484
39  3.80784
40  3.29754
41  3.1037
42  2.82712
43  2.87508
44  3.56844
45  2.7051
46  3.31327
47  3.33765
48  3.48073
49  2.85922
50  3.06818
51  3.49043
52  3.09745
53  3.17408
54  2.53503
55  2.99469
56  3.12293
57  2.43955
58  2.87613
59  3.42405
60  3.29709
61  2.82028
62  3.10355
63  2.81595
64  3.28103
65  3.2373
66  3.66088
67  2.74516
68  2.85248
69  3.29975
70  3.36293
71  2.97744
72  3.44621
73  3.17222
74  3.41102
75  3.41473
76  3.57341
77  3.36434
78  3.16452
79  3.31787
80  2.7613
81  2.8721
82  3.30029
83  3.53252
84  3.60389
85  3.45361
86  3.07675
87  3.31465
88  3.06752
89  3.35199
90  3.10325
