 0  4.64756
 1  4.73366
 2  4.77138
 3  4.6341
 4  4.65519
 5  4.65059
 6  4.6598
 7  4.73622
 8  4.62243
 9  4.80172
10  4.77996
11  4.71457
12  4.66048
13  4.71407
14  4.73951
15  4.6509
16  4.76619
17  4.62753
18  4.75421
19  4.70213
20  4.70989
21  4.68086
22  4.76012
23  4.66738
24  4.82074
25  4.77332
26  4.70459
27  4.68533
28  4.72266
29  4.68318
30  4.89874
31  4.65468
32  4.73766
33  4.78474
34  4.66118
35  4.60809
36  4.78154
37  4.61845
38  4.6468
39  4.7067
40  4.66741
41  4.75994
42  4.68086
43  4.90839
44  4.63877
45  4.62815
46  4.56771
47  4.61328
48  4.69497
49  4.79076
50  4.76419
51  4.65956
52  4.72137
53  0.0560518
54  4.67915
55  4.65491
56  4.7543
57  4.73285
58  4.78044
59  4.64795
60  4.82384
61  4.6901
62  4.65894
63  4.69013
64  4.69995
65  4.68926
66  4.66525
67  4.63391
68  4.71089
69  4.70112
70  4.72232
71  4.66433
72  4.69876
73  4.61272
74  4.76519
75  4.69243
76  4.64006
77  4.6333
78  4.73277
79  4.63091
80  4.78988
81  4.73383
82  4.6215
83  4.65311
84  4.64075
85  4.6952
86  4.64288
87  4.69245
88  4.64269
89  4.81183
90  4.67694
