obs0  57.840878  10.0 0.0
obs1  -85.613188  10.0 0.0
obs2  43.335184  10.0 0.0
obs3  40.159450  10.0 0.0
obs4  38.013337  10.0 0.0
obs5  64.492673  10.0 0.0
obs6  -195.300157  10.0 0.0
obs7  99.587427  10.0 0.0
obs8  7.963056  10.0 0.0
obs9  68.844147  10.0 0.0
obs10  -118.313050  10.0 0.0
obs11  -70.689323  10.0 0.0
obs12  106.191000  10.0 0.0
obs13  4.601719  10.0 0.0
obs14  -69.359179  10.0 0.0
obs15  31.333267  10.0 0.0
obs16  0.978880  10.0 0.0
obs17  -44.780930  10.0 0.0
obs18  -79.364581  10.0 0.0
obs19  46.296884  10.0 0.0
obs20  -131.652355  10.0 0.0
obs21  -28.115115  10.0 0.0
obs22  123.214179  10.0 0.0
obs23  63.977322  10.0 0.0
obs24  50.559579  10.0 0.0
obs25  49.307485  10.0 0.0
obs26  86.137442  10.0 0.0
obs27  -2.405280  10.0 0.0
obs28  -62.116439  10.0 0.0
obs29  15.124446  10.0 0.0
obs30  -36.752465  10.0 0.0
obs31  -43.300702  10.0 0.0
obs32  130.811800  10.0 0.0
obs33  -139.417159  10.0 0.0
obs34  180.044483  10.0 0.0
obs35  -138.305086  10.0 0.0
obs36  16.305150  10.0 0.0
obs37  -69.496863  10.0 0.0
obs38  125.185171  10.0 0.0
obs39  -238.539344  10.0 0.0
obs40  227.512597  10.0 0.0
obs41  24.981198  10.0 0.0
obs42  39.670320  10.0 0.0
obs43  -225.313224  10.0 0.0
obs44  -40.035828  10.0 0.0
obs45  170.472027  10.0 0.0
obs46  123.800770  10.0 0.0
obs47  58.362159  10.0 0.0
obs48  79.076410  10.0 0.0
obs49  50.239013  10.0 0.0
obs50  77.622664  10.0 0.0
obs51  113.328593  10.0 0.0
obs52  -31.260890  10.0 0.0
obs53  90.190299  10.0 0.0
obs54  -5.683746  10.0 0.0
obs55  -67.606885  10.0 0.0
obs56  -157.045960  10.0 0.0
obs57  74.927536  10.0 0.0
obs58  -64.856712  10.0 0.0
obs59  6.022706  10.0 0.0
obs60  125.636103  10.0 0.0
obs61  33.445556  10.0 0.0
obs62  54.348259  10.0 0.0
obs63  186.789148  10.0 0.0
obs64  133.605766  10.0 0.0
obs65  -68.387294  10.0 0.0
obs66  28.281885  10.0 0.0
obs67  93.029245  10.0 0.0
obs68  70.564182  10.0 0.0
obs69  -111.833960  10.0 0.0
obs70  -84.816416  10.0 0.0
obs71  46.587030  10.0 0.0
obs72  -88.593602  10.0 0.0
obs73  69.081150  10.0 0.0
obs74  112.101505  10.0 0.0
obs75  91.932196  10.0 0.0
obs76  20.183196  10.0 0.0
obs77  22.891312  10.0 0.0
obs78  1.221829  10.0 0.0
obs79  21.889927  10.0 0.0
obs80  -8.590297  10.0 0.0
obs81  -78.354149  10.0 0.0
obs82  -65.402338  10.0 0.0
obs83  -14.466714  10.0 0.0
obs84  79.325386  10.0 0.0
obs85  26.780282  10.0 0.0
obs86  77.224975  10.0 0.0
obs87  -204.220002  10.0 0.0
obs88  51.611947  10.0 0.0
obs89  -29.891549  10.0 0.0
obs90  81.281938  10.0 0.0
obs91  -23.473593  10.0 0.0
obs92  -44.923059  10.0 0.0
obs93  6.071142  10.0 0.0
obs94  -63.773657  10.0 0.0
obs95  -99.607787  10.0 0.0
obs96  57.478873  10.0 0.0
obs97  87.135515  10.0 0.0
obs98  74.581755  10.0 0.0
obs99  -49.608679  10.0 0.0
