RAA_AuAu200_C0_T1 0.2682857142857143 0.1327212578516128 0
RAA_AuAu200_C0_T2 2.177395833333333 0.49997710831772435 0
RAA_AuAu200_C1_T1 0.6105714285714285 0.41617497693707084 0
RAA_AuAu200_C1_T2 4.9724375 1.6402910427461326 0
RAA_PbPb2760_C0_T1 0.34471428571428575 0.035171071310707284 0
RAA_PbPb2760_C0_T2 15.849714166666667 0.7003397266636705 0
RAA_PbPb2760_C1_T1 0.5811428571428571 0.058131075289260856 0
RAA_PbPb2760_C1_T2 24.61950416666667 1.0148431818892858 0
RAA_PbPb5020_C0_T1 0.4406666666666667 0.06757323644264299 0
RAA_PbPb5020_C0_T2 22.826283333333333 1.2905926774017 0
RAA_PbPb5020_C1_T1 0.6555833333333333 0.08398272848230959 0
RAA_PbPb5020_C1_T2 30.826750000000004 1.4315664583873768 0
